-15 15 90
7 -15

-14 15
-13 15
-13 14
-13 13
-13 12
-13 11
-13 10
-13 9
-12 9
-11 9
-10 9
-10 8
-10 7
-10 6
-10 5
-10 4
-10 3
-10 2
-10 1
-10 0
-10 -1
-10 -2
-10 -3
-10 -4
-10 -5
-10 -6
-10 -7
-10 -8
-9 -8
-8 -8
-7 -8
-7 -7
-7 -6
-7 -5
-6 -5
-5 -5
-5 -4
-5 -3
-5 -2
-5 -1
-4 -1
-3 -1
-3 0
-2 0
-2 1
-1 1
-1 2
-1 3
-1 4
-1 5
-1 6
0 6
1 6
2 6
3 6
4 6
4 5
4 4
4 3
5 3
6 3
7 3
7 2
7 1
7 0
7 -1
6 -1
5 -1
5 -2
5 -3
5 -4 
6 -4
7 -4
7 -5
7 -6
7 -7
7 -8
7 -9
7 -10
7 -11
7 -12
7 -13
7 -14



















