12 4 ss 3 3 3 3 3 3 3 3 
0 1 58
0 2 5
0 3 4
0 4 25
0 5 8
0 6 59
0 7 80
0 8 86
0 9 70
0 10 42
0 11 9
1 2 22
1 3 80
1 4 15
1 5 94
1 6 50
1 7 16
1 8 89
1 9 32
1 10 97
1 11 32
2 3 93
2 4 100
2 5 85
2 6 59
2 7 47
2 8 1
2 9 35
2 10 50
2 11 82
3 4 99
3 5 34
3 6 48
3 7 42
3 8 20
3 9 2
3 10 36
3 11 51
4 5 8
4 6 92
4 7 6
4 8 63
4 9 29
4 10 80
4 11 42
5 6 95
5 7 65
5 8 69
5 9 85
5 10 74
5 11 100
6 7 81
6 8 30
6 9 30
6 10 2
6 11 78
7 8 98
7 9 44
7 10 34
7 11 66
8 9 19
8 10 0
8 11 30
9 10 9
9 11 71
10 11 37
