30 5 ss 6 6 6 6 6 6 6 6 6 6 
0 1 93
0 2 4
0 3 96
0 4 66
0 5 93
0 6 83
0 7 14
0 8 21
0 9 43
0 10 95
0 11 27
0 12 19
0 13 70
0 14 16
0 15 22
0 16 77
0 17 79
0 18 42
0 19 21
0 20 63
0 21 37
0 22 33
0 23 24
0 24 82
0 25 14
0 26 77
0 27 0
0 28 39
0 29 87
1 2 55
1 3 4
1 4 0
1 5 35
1 6 34
1 7 64
1 8 53
1 9 97
1 10 38
1 11 91
1 12 44
1 13 9
1 14 30
1 15 56
1 16 39
1 17 50
1 18 13
1 19 67
1 20 64
1 21 66
1 22 45
1 23 71
1 24 13
1 25 89
1 26 46
1 27 62
1 28 97
1 29 95
2 3 24
2 4 65
2 5 24
2 6 5
2 7 3
2 8 37
2 9 74
2 10 98
2 11 68
2 12 21
2 13 9
2 14 83
2 15 28
2 16 26
2 17 81
2 18 39
2 19 37
2 20 4
2 21 73
2 22 91
2 23 56
2 24 42
2 25 35
2 26 22
2 27 40
2 28 49
2 29 96
3 4 99
3 5 13
3 6 80
3 7 96
3 8 28
3 9 18
3 10 53
3 11 97
3 12 4
3 13 7
3 14 87
3 15 7
3 16 46
3 17 61
3 18 86
3 19 0
3 20 57
3 21 99
3 22 32
3 23 36
3 24 11
3 25 51
3 26 55
3 27 49
3 28 74
3 29 31
4 5 14
4 6 100
4 7 61
4 8 96
4 9 13
4 10 37
4 11 16
4 12 80
4 13 62
4 14 43
4 15 41
4 16 74
4 17 63
4 18 72
4 19 20
4 20 7
4 21 73
4 22 21
4 23 21
4 24 21
4 25 42
4 26 24
4 27 67
4 28 40
4 29 20
5 6 90
5 7 2
5 8 9
5 9 42
5 10 54
5 11 59
5 12 7
5 13 10
5 14 26
5 15 89
5 16 56
5 17 59
5 18 96
5 19 39
5 20 39
5 21 58
5 22 46
5 23 85
5 24 65
5 25 66
5 26 48
5 27 54
5 28 98
5 29 0
6 7 63
6 8 1
6 9 37
6 10 32
6 11 76
6 12 30
6 13 37
6 14 62
6 15 23
6 16 13
6 17 39
6 18 47
6 19 40
6 20 85
6 21 83
6 22 9
6 23 46
6 24 23
6 25 83
6 26 21
6 27 62
6 28 9
6 29 76
7 8 5
7 9 36
7 10 43
7 11 36
7 12 70
7 13 96
7 14 24
7 15 0
7 16 18
7 17 0
7 18 44
7 19 71
7 20 13
7 21 14
7 22 80
7 23 57
7 24 72
7 25 33
7 26 70
7 27 32
7 28 55
7 29 47
8 9 68
8 10 97
8 11 1
8 12 28
8 13 64
8 14 64
8 15 15
8 16 55
8 17 30
8 18 21
8 19 17
8 20 3
8 21 73
8 22 47
8 23 11
8 24 98
8 25 37
8 26 44
8 27 55
8 28 21
8 29 97
9 10 2
9 11 23
9 12 52
9 13 92
9 14 45
9 15 31
9 16 7
9 17 50
9 18 74
9 19 17
9 20 33
9 21 34
9 22 16
9 23 58
9 24 60
9 25 62
9 26 95
9 27 62
9 28 31
9 29 69
10 11 31
10 12 79
10 13 92
10 14 63
10 15 16
10 16 2
10 17 74
10 18 31
10 19 65
10 20 41
10 21 17
10 22 84
10 23 17
10 24 48
10 25 88
10 26 49
10 27 96
10 28 84
10 29 30
11 12 53
11 13 37
11 14 0
11 15 11
11 16 61
11 17 62
11 18 39
11 19 9
11 20 25
11 21 86
11 22 49
11 23 63
11 24 41
11 25 70
11 26 34
11 27 30
11 28 65
11 29 21
12 13 3
12 14 21
12 15 19
12 16 31
12 17 7
12 18 18
12 19 94
12 20 0
12 21 63
12 22 48
12 23 25
12 24 34
12 25 14
12 26 50
12 27 65
12 28 21
12 29 26
13 14 39
13 15 47
13 16 64
13 17 75
13 18 19
13 19 15
13 20 89
13 21 59
13 22 58
13 23 27
13 24 22
13 25 28
13 26 4
13 27 67
13 28 6
13 29 92
14 15 41
14 16 94
14 17 12
14 18 4
14 19 78
14 20 42
14 21 76
14 22 11
14 23 15
14 24 41
14 25 36
14 26 73
14 27 37
14 28 64
14 29 55
15 16 19
15 17 99
15 18 86
15 19 62
15 20 88
15 21 13
15 22 75
15 23 4
15 24 84
15 25 44
15 26 95
15 27 14
15 28 31
15 29 29
16 17 45
16 18 80
16 19 83
16 20 83
16 21 35
16 22 63
16 23 32
16 24 30
16 25 39
16 26 60
16 27 83
16 28 4
16 29 36
17 18 90
17 19 5
17 20 40
17 21 23
17 22 18
17 23 41
17 24 38
17 25 9
17 26 41
17 27 56
17 28 39
17 29 23
18 19 76
18 20 44
18 21 33
18 22 21
18 23 85
18 24 80
18 25 90
18 26 93
18 27 52
18 28 84
18 29 5
19 20 88
19 21 44
19 22 16
19 23 47
19 24 29
19 25 51
19 26 39
19 27 9
19 28 22
19 29 69
20 21 30
20 22 38
20 23 48
20 24 22
20 25 47
20 26 47
20 27 42
20 28 36
20 29 78
21 22 25
21 23 51
21 24 73
21 25 0
21 26 50
21 27 60
21 28 47
21 29 8
22 23 90
22 24 90
22 25 25
22 26 98
22 27 93
22 28 58
22 29 69
23 24 11
23 25 56
23 26 72
23 27 36
23 28 36
23 29 4
24 25 69
24 26 11
24 27 57
24 28 51
24 29 51
25 26 76
25 27 49
25 28 42
25 29 32
26 27 7
26 28 84
26 29 34
27 28 65
27 29 86
28 29 28
