60 6 ss 10 10 10 10 10 10 10 10 10 10 10 10 
0 1 67
0 2 30
0 3 43
0 4 25
0 5 52
0 6 84
0 7 7
0 8 80
0 9 79
0 10 36
0 11 67
0 12 21
0 13 24
0 14 92
0 15 85
0 16 24
0 17 15
0 18 71
0 19 91
0 20 66
0 21 27
0 22 25
0 23 74
0 24 88
0 25 22
0 26 19
0 27 79
0 28 44
0 29 57
0 30 49
0 31 37
0 32 58
0 33 98
0 34 98
0 35 73
0 36 17
0 37 11
0 38 63
0 39 73
0 40 22
0 41 53
0 42 58
0 43 42
0 44 11
0 45 50
0 46 17
0 47 71
0 48 68
0 49 31
0 50 27
0 51 97
0 52 3
0 53 63
0 54 54
0 55 88
0 56 98
0 57 73
0 58 10
0 59 53
1 2 37
1 3 17
1 4 55
1 5 29
1 6 39
1 7 96
1 8 38
1 9 20
1 10 18
1 11 21
1 12 3
1 13 63
1 14 92
1 15 44
1 16 15
1 17 10
1 18 12
1 19 62
1 20 56
1 21 17
1 22 42
1 23 11
1 24 93
1 25 72
1 26 44
1 27 11
1 28 93
1 29 75
1 30 40
1 31 19
1 32 87
1 33 10
1 34 65
1 35 37
1 36 0
1 37 80
1 38 28
1 39 12
1 40 28
1 41 49
1 42 76
1 43 12
1 44 18
1 45 92
1 46 42
1 47 16
1 48 21
1 49 90
1 50 79
1 51 24
1 52 2
1 53 59
1 54 38
1 55 0
1 56 72
1 57 79
1 58 55
1 59 62
2 3 6
2 4 51
2 5 22
2 6 85
2 7 17
2 8 36
2 9 67
2 10 71
2 11 97
2 12 98
2 13 12
2 14 73
2 15 95
2 16 35
2 17 16
2 18 43
2 19 22
2 20 94
2 21 44
2 22 97
2 23 15
2 24 41
2 25 27
2 26 28
2 27 49
2 28 82
2 29 86
2 30 27
2 31 30
2 32 66
2 33 55
2 34 16
2 35 56
2 36 20
2 37 72
2 38 9
2 39 35
2 40 63
2 41 92
2 42 89
2 43 17
2 44 94
2 45 35
2 46 46
2 47 21
2 48 11
2 49 66
2 50 99
2 51 65
2 52 48
2 53 7
2 54 34
2 55 84
2 56 26
2 57 83
2 58 97
2 59 0
3 4 26
3 5 42
3 6 2
3 7 20
3 8 54
3 9 35
3 10 56
3 11 80
3 12 28
3 13 53
3 14 76
3 15 46
3 16 44
3 17 34
3 18 24
3 19 69
3 20 91
3 21 34
3 22 68
3 23 75
3 24 20
3 25 88
3 26 68
3 27 59
3 28 31
3 29 5
3 30 78
3 31 63
3 32 66
3 33 50
3 34 19
3 35 26
3 36 100
3 37 11
3 38 31
3 39 5
3 40 43
3 41 40
3 42 80
3 43 89
3 44 10
3 45 3
3 46 32
3 47 46
3 48 57
3 49 96
3 50 32
3 51 51
3 52 51
3 53 35
3 54 36
3 55 14
3 56 71
3 57 41
3 58 94
3 59 95
4 5 86
4 6 11
4 7 86
4 8 19
4 9 5
4 10 52
4 11 74
4 12 42
4 13 77
4 14 37
4 15 20
4 16 80
4 17 57
4 18 5
4 19 8
4 20 78
4 21 5
4 22 88
4 23 48
4 24 68
4 25 30
4 26 6
4 27 87
4 28 36
4 29 68
4 30 77
4 31 59
4 32 48
4 33 32
4 34 24
4 35 67
4 36 23
4 37 10
4 38 1
4 39 17
4 40 13
4 41 78
4 42 36
4 43 96
4 44 14
4 45 15
4 46 27
4 47 27
4 48 3
4 49 11
4 50 89
4 51 88
4 52 19
4 53 93
4 54 28
4 55 40
4 56 86
4 57 32
4 58 97
4 59 37
5 6 63
5 7 6
5 8 26
5 9 1
5 10 85
5 11 77
5 12 59
5 13 66
5 14 12
5 15 66
5 16 5
5 17 19
5 18 40
5 19 73
5 20 97
5 21 81
5 22 42
5 23 21
5 24 19
5 25 40
5 26 13
5 27 58
5 28 91
5 29 64
5 30 41
5 31 63
5 32 90
5 33 85
5 34 30
5 35 88
5 36 84
5 37 2
5 38 39
5 39 18
5 40 94
5 41 90
5 42 58
5 43 83
5 44 6
5 45 98
5 46 83
5 47 16
5 48 57
5 49 34
5 50 58
5 51 66
5 52 5
5 53 66
5 54 30
5 55 29
5 56 43
5 57 32
5 58 79
5 59 79
6 7 73
6 8 87
6 9 53
6 10 83
6 11 3
6 12 45
6 13 9
6 14 83
6 15 25
6 16 17
6 17 89
6 18 95
6 19 2
6 20 53
6 21 81
6 22 19
6 23 21
6 24 91
6 25 13
6 26 7
6 27 57
6 28 37
6 29 53
6 30 62
6 31 1
6 32 4
6 33 57
6 34 5
6 35 20
6 36 80
6 37 59
6 38 61
6 39 95
6 40 20
6 41 18
6 42 55
6 43 19
6 44 16
6 45 70
6 46 40
6 47 56
6 48 85
6 49 13
6 50 62
6 51 55
6 52 80
6 53 36
6 54 67
6 55 29
6 56 21
6 57 24
6 58 7
6 59 36
7 8 20
7 9 63
7 10 31
7 11 9
7 12 97
7 13 47
7 14 25
7 15 7
7 16 26
7 17 55
7 18 49
7 19 80
7 20 83
7 21 55
7 22 6
7 23 25
7 24 48
7 25 55
7 26 9
7 27 5
7 28 90
7 29 32
7 30 23
7 31 66
7 32 79
7 33 8
7 34 46
7 35 84
7 36 95
7 37 30
7 38 69
7 39 100
7 40 81
7 41 6
7 42 16
7 43 53
7 44 36
7 45 77
7 46 74
7 47 26
7 48 39
7 49 75
7 50 18
7 51 8
7 52 23
7 53 63
7 54 81
7 55 91
7 56 55
7 57 52
7 58 61
7 59 79
8 9 3
8 10 65
8 11 35
8 12 41
8 13 63
8 14 35
8 15 48
8 16 13
8 17 18
8 18 73
8 19 76
8 20 2
8 21 18
8 22 65
8 23 8
8 24 39
8 25 19
8 26 62
8 27 61
8 28 12
8 29 46
8 30 14
8 31 61
8 32 31
8 33 35
8 34 27
8 35 5
8 36 61
8 37 69
8 38 25
8 39 68
8 40 92
8 41 96
8 42 25
8 43 95
8 44 35
8 45 0
8 46 45
8 47 44
8 48 77
8 49 68
8 50 92
8 51 11
8 52 7
8 53 70
8 54 72
8 55 30
8 56 54
8 57 69
8 58 97
8 59 50
9 10 88
9 11 25
9 12 41
9 13 13
9 14 47
9 15 95
9 16 50
9 17 17
9 18 19
9 19 15
9 20 5
9 21 17
9 22 86
9 23 64
9 24 100
9 25 72
9 26 56
9 27 84
9 28 50
9 29 28
9 30 47
9 31 86
9 32 0
9 33 83
9 34 7
9 35 58
9 36 24
9 37 40
9 38 14
9 39 87
9 40 16
9 41 78
9 42 77
9 43 57
9 44 52
9 45 7
9 46 65
9 47 45
9 48 75
9 49 91
9 50 48
9 51 96
9 52 69
9 53 44
9 54 74
9 55 72
9 56 31
9 57 11
9 58 72
9 59 39
10 11 10
10 12 77
10 13 63
10 14 27
10 15 14
10 16 95
10 17 30
10 18 70
10 19 2
10 20 57
10 21 57
10 22 53
10 23 48
10 24 43
10 25 56
10 26 49
10 27 87
10 28 60
10 29 2
10 30 6
10 31 93
10 32 79
10 33 59
10 34 95
10 35 38
10 36 69
10 37 0
10 38 10
10 39 17
10 40 78
10 41 6
10 42 17
10 43 6
10 44 58
10 45 51
10 46 41
10 47 66
10 48 48
10 49 37
10 50 52
10 51 37
10 52 38
10 53 7
10 54 60
10 55 43
10 56 68
10 57 2
10 58 59
10 59 37
11 12 55
11 13 34
11 14 59
11 15 97
11 16 38
11 17 44
11 18 26
11 19 42
11 20 14
11 21 63
11 22 89
11 23 20
11 24 12
11 25 3
11 26 60
11 27 99
11 28 49
11 29 44
11 30 74
11 31 52
11 32 56
11 33 80
11 34 44
11 35 62
11 36 37
11 37 100
11 38 82
11 39 33
11 40 13
11 41 49
11 42 96
11 43 43
11 44 97
11 45 68
11 46 91
11 47 82
11 48 94
11 49 38
11 50 75
11 51 57
11 52 100
11 53 11
11 54 60
11 55 90
11 56 25
11 57 5
11 58 14
11 59 36
12 13 88
12 14 35
12 15 34
12 16 69
12 17 55
12 18 12
12 19 49
12 20 7
12 21 85
12 22 9
12 23 89
12 24 39
12 25 75
12 26 42
12 27 43
12 28 57
12 29 80
12 30 45
12 31 77
12 32 37
12 33 56
12 34 34
12 35 4
12 36 10
12 37 40
12 38 79
12 39 38
12 40 96
12 41 67
12 42 40
12 43 18
12 44 26
12 45 63
12 46 0
12 47 12
12 48 100
12 49 23
12 50 87
12 51 45
12 52 42
12 53 51
12 54 59
12 55 61
12 56 69
12 57 100
12 58 31
12 59 9
13 14 91
13 15 77
13 16 6
13 17 2
13 18 42
13 19 11
13 20 8
13 21 26
13 22 4
13 23 31
13 24 95
13 25 52
13 26 73
13 27 41
13 28 92
13 29 8
13 30 8
13 31 21
13 32 48
13 33 32
13 34 6
13 35 65
13 36 54
13 37 43
13 38 4
13 39 3
13 40 42
13 41 43
13 42 96
13 43 78
13 44 34
13 45 15
13 46 35
13 47 38
13 48 71
13 49 7
13 50 25
13 51 62
13 52 35
13 53 11
13 54 60
13 55 74
13 56 53
13 57 52
13 58 13
13 59 91
14 15 6
14 16 91
14 17 90
14 18 27
14 19 47
14 20 88
14 21 94
14 22 9
14 23 3
14 24 45
14 25 67
14 26 32
14 27 29
14 28 74
14 29 99
14 30 98
14 31 96
14 32 48
14 33 58
14 34 7
14 35 89
14 36 42
14 37 92
14 38 72
14 39 69
14 40 56
14 41 21
14 42 4
14 43 37
14 44 97
14 45 69
14 46 24
14 47 19
14 48 74
14 49 92
14 50 57
14 51 11
14 52 18
14 53 83
14 54 70
14 55 39
14 56 46
14 57 57
14 58 78
14 59 12
15 16 45
15 17 84
15 18 0
15 19 59
15 20 32
15 21 45
15 22 83
15 23 35
15 24 87
15 25 79
15 26 4
15 27 92
15 28 87
15 29 44
15 30 43
15 31 98
15 32 47
15 33 62
15 34 90
15 35 11
15 36 31
15 37 59
15 38 66
15 39 92
15 40 90
15 41 31
15 42 79
15 43 73
15 44 75
15 45 25
15 46 1
15 47 34
15 48 9
15 49 95
15 50 2
15 51 99
15 52 16
15 53 84
15 54 58
15 55 84
15 56 36
15 57 19
15 58 23
15 59 96
16 17 25
16 18 41
16 19 78
16 20 49
16 21 14
16 22 52
16 23 81
16 24 62
16 25 85
16 26 36
16 27 93
16 28 60
16 29 25
16 30 81
16 31 22
16 32 8
16 33 13
16 34 24
16 35 44
16 36 29
16 37 85
16 38 7
16 39 51
16 40 23
16 41 80
16 42 55
16 43 54
16 44 15
16 45 58
16 46 59
16 47 19
16 48 56
16 49 30
16 50 51
16 51 36
16 52 28
16 53 21
16 54 31
16 55 95
16 56 63
16 57 26
16 58 48
16 59 78
17 18 73
17 19 73
17 20 25
17 21 22
17 22 86
17 23 81
17 24 0
17 25 34
17 26 48
17 27 4
17 28 83
17 29 10
17 30 53
17 31 99
17 32 72
17 33 84
17 34 9
17 35 77
17 36 88
17 37 39
17 38 46
17 39 88
17 40 30
17 41 20
17 42 32
17 43 32
17 44 50
17 45 23
17 46 53
17 47 91
17 48 14
17 49 78
17 50 91
17 51 51
17 52 48
17 53 41
17 54 41
17 55 34
17 56 73
17 57 20
17 58 18
17 59 65
18 19 3
18 20 17
18 21 62
18 22 24
18 23 22
18 24 11
18 25 6
18 26 1
18 27 89
18 28 70
18 29 70
18 30 13
18 31 98
18 32 33
18 33 49
18 34 82
18 35 39
18 36 90
18 37 90
18 38 65
18 39 100
18 40 62
18 41 36
18 42 7
18 43 68
18 44 6
18 45 98
18 46 36
18 47 83
18 48 46
18 49 62
18 50 88
18 51 62
18 52 39
18 53 19
18 54 85
18 55 64
18 56 81
18 57 8
18 58 83
18 59 100
19 20 93
19 21 44
19 22 49
19 23 69
19 24 68
19 25 42
19 26 33
19 27 19
19 28 25
19 29 75
19 30 54
19 31 94
19 32 38
19 33 50
19 34 75
19 35 58
19 36 21
19 37 12
19 38 2
19 39 68
19 40 54
19 41 86
19 42 73
19 43 74
19 44 86
19 45 78
19 46 38
19 47 86
19 48 72
19 49 72
19 50 67
19 51 95
19 52 55
19 53 62
19 54 95
19 55 47
19 56 86
19 57 91
19 58 96
19 59 87
20 21 24
20 22 41
20 23 42
20 24 100
20 25 30
20 26 88
20 27 54
20 28 38
20 29 35
20 30 4
20 31 85
20 32 42
20 33 0
20 34 55
20 35 76
20 36 8
20 37 44
20 38 13
20 39 14
20 40 50
20 41 61
20 42 82
20 43 27
20 44 13
20 45 18
20 46 32
20 47 96
20 48 6
20 49 95
20 50 44
20 51 9
20 52 10
20 53 0
20 54 6
20 55 83
20 56 22
20 57 47
20 58 3
20 59 55
21 22 81
21 23 60
21 24 19
21 25 63
21 26 96
21 27 28
21 28 45
21 29 5
21 30 7
21 31 86
21 32 57
21 33 39
21 34 80
21 35 29
21 36 96
21 37 53
21 38 74
21 39 27
21 40 79
21 41 79
21 42 20
21 43 84
21 44 43
21 45 29
21 46 72
21 47 95
21 48 83
21 49 83
21 50 16
21 51 8
21 52 17
21 53 30
21 54 85
21 55 79
21 56 6
21 57 41
21 58 34
21 59 18
22 23 72
22 24 69
22 25 53
22 26 30
22 27 7
22 28 51
22 29 20
22 30 59
22 31 44
22 32 14
22 33 63
22 34 73
22 35 42
22 36 35
22 37 24
22 38 85
22 39 52
22 40 65
22 41 58
22 42 12
22 43 75
22 44 13
22 45 84
22 46 59
22 47 34
22 48 33
22 49 91
22 50 77
22 51 25
22 52 97
22 53 8
22 54 33
22 55 37
22 56 55
22 57 62
22 58 26
22 59 93
23 24 28
23 25 9
23 26 8
23 27 50
23 28 53
23 29 86
23 30 90
23 31 70
23 32 54
23 33 26
23 34 27
23 35 84
23 36 20
23 37 54
23 38 46
23 39 55
23 40 89
23 41 92
23 42 71
23 43 9
23 44 35
23 45 9
23 46 21
23 47 37
23 48 12
23 49 51
23 50 38
23 51 18
23 52 22
23 53 98
23 54 11
23 55 63
23 56 47
23 57 26
23 58 59
23 59 14
24 25 52
24 26 20
24 27 45
24 28 56
24 29 38
24 30 12
24 31 92
24 32 7
24 33 74
24 34 96
24 35 100
24 36 46
24 37 61
24 38 38
24 39 5
24 40 36
24 41 11
24 42 54
24 43 31
24 44 60
24 45 46
24 46 62
24 47 52
24 48 39
24 49 54
24 50 32
24 51 94
24 52 86
24 53 49
24 54 14
24 55 96
24 56 91
24 57 57
24 58 100
24 59 29
25 26 94
25 27 98
25 28 64
25 29 79
25 30 89
25 31 32
25 32 86
25 33 93
25 34 85
25 35 86
25 36 71
25 37 61
25 38 77
25 39 65
25 40 9
25 41 3
25 42 41
25 43 13
25 44 8
25 45 3
25 46 52
25 47 96
25 48 72
25 49 74
25 50 80
25 51 69
25 52 86
25 53 45
25 54 85
25 55 51
25 56 98
25 57 33
25 58 36
25 59 68
26 27 11
26 28 22
26 29 0
26 30 41
26 31 34
26 32 67
26 33 24
26 34 50
26 35 23
26 36 44
26 37 57
26 38 4
26 39 51
26 40 56
26 41 21
26 42 60
26 43 75
26 44 49
26 45 32
26 46 48
26 47 86
26 48 34
26 49 46
26 50 41
26 51 26
26 52 52
26 53 13
26 54 77
26 55 8
26 56 94
26 57 90
26 58 65
26 59 65
27 28 78
27 29 76
27 30 38
27 31 66
27 32 41
27 33 90
27 34 20
27 35 40
27 36 100
27 37 91
27 38 53
27 39 2
27 40 24
27 41 89
27 42 7
27 43 53
27 44 73
27 45 24
27 46 15
27 47 75
27 48 22
27 49 42
27 50 4
27 51 55
27 52 15
27 53 23
27 54 12
27 55 66
27 56 73
27 57 100
27 58 34
27 59 75
28 29 17
28 30 94
28 31 48
28 32 55
28 33 34
28 34 67
28 35 88
28 36 80
28 37 65
28 38 9
28 39 40
28 40 23
28 41 53
28 42 24
28 43 61
28 44 54
28 45 6
28 46 26
28 47 15
28 48 10
28 49 37
28 50 84
28 51 12
28 52 15
28 53 54
28 54 100
28 55 31
28 56 56
28 57 49
28 58 38
28 59 7
29 30 8
29 31 12
29 32 72
29 33 0
29 34 17
29 35 100
29 36 78
29 37 83
29 38 74
29 39 67
29 40 96
29 41 36
29 42 58
29 43 97
29 44 69
29 45 74
29 46 61
29 47 96
29 48 27
29 49 29
29 50 8
29 51 19
29 52 90
29 53 77
29 54 89
29 55 81
29 56 34
29 57 9
29 58 34
29 59 62
30 31 27
30 32 77
30 33 57
30 34 14
30 35 99
30 36 53
30 37 4
30 38 4
30 39 95
30 40 73
30 41 2
30 42 97
30 43 36
30 44 90
30 45 69
30 46 86
30 47 15
30 48 74
30 49 69
30 50 60
30 51 16
30 52 94
30 53 4
30 54 66
30 55 24
30 56 50
30 57 35
30 58 58
30 59 54
31 32 57
31 33 1
31 34 64
31 35 14
31 36 52
31 37 56
31 38 87
31 39 34
31 40 34
31 41 55
31 42 10
31 43 99
31 44 96
31 45 89
31 46 87
31 47 26
31 48 49
31 49 3
31 50 34
31 51 87
31 52 32
31 53 30
31 54 32
31 55 16
31 56 24
31 57 72
31 58 22
31 59 76
32 33 40
32 34 61
32 35 99
32 36 5
32 37 93
32 38 22
32 39 11
32 40 62
32 41 67
32 42 100
32 43 11
32 44 15
32 45 24
32 46 9
32 47 32
32 48 23
32 49 83
32 50 12
32 51 27
32 52 28
32 53 87
32 54 42
32 55 86
32 56 77
32 57 12
32 58 57
32 59 22
33 34 86
33 35 86
33 36 6
33 37 94
33 38 46
33 39 3
33 40 83
33 41 23
33 42 34
33 43 42
33 44 31
33 45 21
33 46 25
33 47 99
33 48 9
33 49 74
33 50 2
33 51 99
33 52 52
33 53 76
33 54 27
33 55 84
33 56 38
33 57 24
33 58 71
33 59 2
34 35 73
34 36 58
34 37 43
34 38 53
34 39 95
34 40 53
34 41 6
34 42 63
34 43 11
34 44 4
34 45 24
34 46 99
34 47 8
34 48 87
34 49 53
34 50 19
34 51 52
34 52 81
34 53 97
34 54 38
34 55 63
34 56 86
34 57 25
34 58 95
34 59 16
35 36 42
35 37 94
35 38 43
35 39 98
35 40 59
35 41 11
35 42 72
35 43 33
35 44 96
35 45 90
35 46 26
35 47 19
35 48 0
35 49 47
35 50 67
35 51 30
35 52 47
35 53 51
35 54 46
35 55 92
35 56 97
35 57 5
35 58 89
35 59 69
36 37 91
36 38 18
36 39 12
36 40 66
36 41 30
36 42 72
36 43 86
36 44 88
36 45 46
36 46 31
36 47 12
36 48 57
36 49 95
36 50 1
36 51 28
36 52 62
36 53 62
36 54 76
36 55 70
36 56 70
36 57 4
36 58 46
36 59 88
37 38 99
37 39 3
37 40 69
37 41 59
37 42 65
37 43 72
37 44 54
37 45 12
37 46 8
37 47 10
37 48 23
37 49 11
37 50 29
37 51 69
37 52 12
37 53 40
37 54 25
37 55 9
37 56 88
37 57 87
37 58 66
37 59 81
38 39 50
38 40 66
38 41 86
38 42 29
38 43 16
38 44 66
38 45 7
38 46 72
38 47 64
38 48 41
38 49 19
38 50 60
38 51 50
38 52 11
38 53 80
38 54 53
38 55 55
38 56 57
38 57 77
38 58 50
38 59 74
39 40 79
39 41 89
39 42 4
39 43 26
39 44 90
39 45 28
39 46 26
39 47 6
39 48 72
39 49 64
39 50 36
39 51 94
39 52 76
39 53 93
39 54 76
39 55 63
39 56 11
39 57 13
39 58 59
39 59 27
40 41 71
40 42 94
40 43 98
40 44 26
40 45 2
40 46 93
40 47 91
40 48 36
40 49 4
40 50 12
40 51 12
40 52 36
40 53 71
40 54 23
40 55 48
40 56 73
40 57 84
40 58 47
40 59 69
41 42 34
41 43 77
41 44 98
41 45 70
41 46 51
41 47 96
41 48 28
41 49 58
41 50 21
41 51 16
41 52 2
41 53 47
41 54 38
41 55 98
41 56 94
41 57 6
41 58 50
41 59 68
42 43 57
42 44 89
42 45 58
42 46 88
42 47 81
42 48 8
42 49 85
42 50 8
42 51 17
42 52 32
42 53 95
42 54 46
42 55 66
42 56 43
42 57 94
42 58 36
42 59 96
43 44 40
43 45 34
43 46 3
43 47 89
43 48 78
43 49 11
43 50 56
43 51 20
43 52 99
43 53 13
43 54 2
43 55 8
43 56 6
43 57 94
43 58 82
43 59 99
44 45 50
44 46 33
44 47 78
44 48 96
44 49 20
44 50 35
44 51 71
44 52 26
44 53 63
44 54 90
44 55 28
44 56 83
44 57 41
44 58 81
44 59 55
45 46 22
45 47 19
45 48 42
45 49 15
45 50 67
45 51 61
45 52 33
45 53 13
45 54 18
45 55 31
45 56 86
45 57 86
45 58 21
45 59 63
46 47 56
46 48 7
46 49 89
46 50 17
46 51 12
46 52 90
46 53 83
46 54 81
46 55 43
46 56 75
46 57 18
46 58 59
46 59 100
47 48 21
47 49 76
47 50 76
47 51 61
47 52 97
47 53 91
47 54 3
47 55 95
47 56 65
47 57 53
47 58 4
47 59 7
48 49 15
48 50 73
48 51 78
48 52 31
48 53 25
48 54 26
48 55 76
48 56 28
48 57 76
48 58 45
48 59 15
49 50 89
49 51 64
49 52 96
49 53 24
49 54 42
49 55 1
49 56 15
49 57 87
49 58 23
49 59 7
50 51 3
50 52 90
50 53 18
50 54 75
50 55 85
50 56 87
50 57 66
50 58 19
50 59 5
51 52 92
51 53 14
51 54 88
51 55 29
51 56 3
51 57 2
51 58 52
51 59 84
52 53 26
52 54 6
52 55 70
52 56 22
52 57 84
52 58 60
52 59 77
53 54 10
53 55 25
53 56 33
53 57 5
53 58 79
53 59 56
54 55 4
54 56 62
54 57 70
54 58 70
54 59 42
55 56 0
55 57 6
55 58 13
55 59 55
56 57 78
56 58 96
56 59 52
57 58 91
57 59 8
58 59 12
