120 10 ss 12 12 12 12 12 12 12 12 12 12 12 12 12 12 12 12 12 12 12 12 
0 1 87
0 2 24
0 3 0
0 4 12
0 5 9
0 6 6
0 7 33
0 8 2
0 9 29
0 10 77
0 11 70
0 12 13
0 13 80
0 14 68
0 15 32
0 16 82
0 17 46
0 18 24
0 19 65
0 20 45
0 21 47
0 22 45
0 23 99
0 24 74
0 25 22
0 26 78
0 27 7
0 28 32
0 29 39
0 30 34
0 31 32
0 32 47
0 33 40
0 34 97
0 35 29
0 36 17
0 37 20
0 38 11
0 39 92
0 40 11
0 41 31
0 42 57
0 43 14
0 44 52
0 45 35
0 46 29
0 47 88
0 48 73
0 49 64
0 50 21
0 51 21
0 52 60
0 53 64
0 54 72
0 55 14
0 56 44
0 57 46
0 58 11
0 59 58
0 60 43
0 61 28
0 62 14
0 63 69
0 64 0
0 65 11
0 66 7
0 67 33
0 68 25
0 69 75
0 70 86
0 71 58
0 72 38
0 73 78
0 74 79
0 75 63
0 76 64
0 77 97
0 78 4
0 79 44
0 80 15
0 81 98
0 82 1
0 83 87
0 84 80
0 85 24
0 86 49
0 87 48
0 88 86
0 89 32
0 90 62
0 91 80
0 92 50
0 93 4
0 94 95
0 95 60
0 96 18
0 97 72
0 98 66
0 99 94
0 100 14
0 101 19
0 102 4
0 103 84
0 104 42
0 105 85
0 106 50
0 107 19
0 108 92
0 109 5
0 110 77
0 111 68
0 112 83
0 113 42
0 114 34
0 115 21
0 116 100
0 117 42
0 118 85
0 119 81
1 2 70
1 3 23
1 4 57
1 5 63
1 6 58
1 7 24
1 8 61
1 9 21
1 10 51
1 11 46
1 12 89
1 13 2
1 14 77
1 15 79
1 16 10
1 17 54
1 18 63
1 19 99
1 20 59
1 21 92
1 22 72
1 23 8
1 24 82
1 25 96
1 26 49
1 27 62
1 28 74
1 29 83
1 30 39
1 31 89
1 32 79
1 33 70
1 34 87
1 35 51
1 36 42
1 37 68
1 38 21
1 39 40
1 40 100
1 41 71
1 42 23
1 43 68
1 44 68
1 45 2
1 46 22
1 47 26
1 48 24
1 49 85
1 50 26
1 51 57
1 52 85
1 53 62
1 54 5
1 55 20
1 56 28
1 57 45
1 58 52
1 59 83
1 60 67
1 61 88
1 62 67
1 63 5
1 64 100
1 65 82
1 66 94
1 67 44
1 68 26
1 69 14
1 70 59
1 71 65
1 72 13
1 73 30
1 74 34
1 75 96
1 76 98
1 77 22
1 78 42
1 79 21
1 80 3
1 81 18
1 82 43
1 83 19
1 84 93
1 85 59
1 86 32
1 87 100
1 88 37
1 89 9
1 90 18
1 91 34
1 92 34
1 93 28
1 94 48
1 95 4
1 96 31
1 97 22
1 98 87
1 99 60
1 100 52
1 101 2
1 102 67
1 103 51
1 104 31
1 105 19
1 106 73
1 107 9
1 108 64
1 109 84
1 110 18
1 111 77
1 112 51
1 113 52
1 114 77
1 115 50
1 116 53
1 117 12
1 118 67
1 119 43
2 3 57
2 4 51
2 5 81
2 6 93
2 7 17
2 8 54
2 9 73
2 10 61
2 11 32
2 12 42
2 13 68
2 14 7
2 15 36
2 16 96
2 17 26
2 18 67
2 19 4
2 20 100
2 21 23
2 22 70
2 23 17
2 24 38
2 25 11
2 26 69
2 27 76
2 28 20
2 29 76
2 30 52
2 31 88
2 32 46
2 33 54
2 34 89
2 35 86
2 36 10
2 37 57
2 38 11
2 39 31
2 40 97
2 41 2
2 42 69
2 43 66
2 44 76
2 45 96
2 46 58
2 47 69
2 48 19
2 49 83
2 50 48
2 51 46
2 52 63
2 53 91
2 54 15
2 55 87
2 56 90
2 57 19
2 58 4
2 59 100
2 60 47
2 61 69
2 62 47
2 63 27
2 64 54
2 65 81
2 66 67
2 67 80
2 68 87
2 69 53
2 70 94
2 71 75
2 72 93
2 73 66
2 74 85
2 75 5
2 76 58
2 77 96
2 78 53
2 79 12
2 80 13
2 81 39
2 82 90
2 83 70
2 84 7
2 85 43
2 86 94
2 87 7
2 88 2
2 89 45
2 90 33
2 91 46
2 92 24
2 93 93
2 94 38
2 95 38
2 96 45
2 97 70
2 98 69
2 99 40
2 100 95
2 101 1
2 102 8
2 103 90
2 104 28
2 105 5
2 106 68
2 107 46
2 108 34
2 109 30
2 110 58
2 111 29
2 112 96
2 113 30
2 114 70
2 115 10
2 116 31
2 117 2
2 118 39
2 119 13
3 4 90
3 5 47
3 6 50
3 7 49
3 8 17
3 9 20
3 10 89
3 11 94
3 12 77
3 13 73
3 14 53
3 15 98
3 16 60
3 17 85
3 18 48
3 19 43
3 20 38
3 21 8
3 22 80
3 23 94
3 24 86
3 25 54
3 26 54
3 27 42
3 28 59
3 29 76
3 30 20
3 31 31
3 32 36
3 33 34
3 34 1
3 35 26
3 36 71
3 37 56
3 38 44
3 39 72
3 40 73
3 41 54
3 42 52
3 43 41
3 44 52
3 45 3
3 46 7
3 47 33
3 48 29
3 49 26
3 50 5
3 51 86
3 52 25
3 53 21
3 54 70
3 55 26
3 56 16
3 57 60
3 58 72
3 59 26
3 60 2
3 61 76
3 62 60
3 63 85
3 64 92
3 65 70
3 66 34
3 67 31
3 68 65
3 69 67
3 70 100
3 71 86
3 72 79
3 73 44
3 74 76
3 75 51
3 76 71
3 77 5
3 78 19
3 79 83
3 80 80
3 81 8
3 82 90
3 83 3
3 84 79
3 85 80
3 86 97
3 87 31
3 88 83
3 89 49
3 90 97
3 91 61
3 92 66
3 93 66
3 94 9
3 95 25
3 96 33
3 97 72
3 98 97
3 99 45
3 100 80
3 101 18
3 102 49
3 103 16
3 104 96
3 105 80
3 106 68
3 107 32
3 108 51
3 109 34
3 110 28
3 111 51
3 112 9
3 113 41
3 114 87
3 115 47
3 116 33
3 117 26
3 118 32
3 119 79
4 5 57
4 6 27
4 7 54
4 8 14
4 9 61
4 10 96
4 11 68
4 12 13
4 13 99
4 14 26
4 15 73
4 16 91
4 17 59
4 18 33
4 19 75
4 20 54
4 21 79
4 22 76
4 23 95
4 24 91
4 25 67
4 26 23
4 27 25
4 28 5
4 29 71
4 30 44
4 31 32
4 32 87
4 33 70
4 34 3
4 35 1
4 36 44
4 37 70
4 38 18
4 39 23
4 40 59
4 41 16
4 42 77
4 43 3
4 44 70
4 45 23
4 46 79
4 47 61
4 48 44
4 49 36
4 50 40
4 51 65
4 52 0
4 53 67
4 54 22
4 55 45
4 56 20
4 57 93
4 58 17
4 59 29
4 60 74
4 61 69
4 62 1
4 63 67
4 64 79
4 65 18
4 66 10
4 67 74
4 68 29
4 69 75
4 70 41
4 71 8
4 72 87
4 73 11
4 74 97
4 75 10
4 76 49
4 77 41
4 78 67
4 79 87
4 80 95
4 81 46
4 82 75
4 83 85
4 84 47
4 85 60
4 86 71
4 87 32
4 88 75
4 89 87
4 90 79
4 91 15
4 92 73
4 93 51
4 94 95
4 95 92
4 96 52
4 97 71
4 98 30
4 99 15
4 100 69
4 101 31
4 102 69
4 103 97
4 104 48
4 105 52
4 106 49
4 107 38
4 108 4
4 109 84
4 110 26
4 111 0
4 112 79
4 113 42
4 114 81
4 115 97
4 116 17
4 117 1
4 118 78
4 119 13
5 6 38
5 7 62
5 8 28
5 9 51
5 10 24
5 11 53
5 12 20
5 13 49
5 14 82
5 15 98
5 16 83
5 17 4
5 18 31
5 19 18
5 20 87
5 21 11
5 22 96
5 23 15
5 24 42
5 25 60
5 26 99
5 27 78
5 28 64
5 29 71
5 30 30
5 31 67
5 32 30
5 33 71
5 34 75
5 35 14
5 36 56
5 37 23
5 38 39
5 39 96
5 40 28
5 41 85
5 42 39
5 43 34
5 44 3
5 45 34
5 46 43
5 47 8
5 48 21
5 49 67
5 50 40
5 51 90
5 52 65
5 53 89
5 54 19
5 55 29
5 56 59
5 57 49
5 58 46
5 59 46
5 60 97
5 61 7
5 62 98
5 63 98
5 64 41
5 65 39
5 66 69
5 67 71
5 68 48
5 69 35
5 70 64
5 71 41
5 72 100
5 73 74
5 74 57
5 75 83
5 76 38
5 77 33
5 78 91
5 79 6
5 80 89
5 81 77
5 82 58
5 83 56
5 84 29
5 85 38
5 86 16
5 87 82
5 88 54
5 89 88
5 90 62
5 91 68
5 92 4
5 93 76
5 94 75
5 95 16
5 96 46
5 97 73
5 98 38
5 99 22
5 100 6
5 101 49
5 102 18
5 103 100
5 104 47
5 105 71
5 106 93
5 107 57
5 108 29
5 109 54
5 110 47
5 111 100
5 112 45
5 113 10
5 114 24
5 115 54
5 116 47
5 117 34
5 118 91
5 119 10
6 7 41
6 8 84
6 9 43
6 10 16
6 11 2
6 12 82
6 13 50
6 14 82
6 15 32
6 16 8
6 17 59
6 18 67
6 19 31
6 20 48
6 21 19
6 22 55
6 23 15
6 24 40
6 25 96
6 26 44
6 27 81
6 28 55
6 29 15
6 30 5
6 31 26
6 32 65
6 33 21
6 34 37
6 35 78
6 36 31
6 37 13
6 38 14
6 39 86
6 40 95
6 41 97
6 42 19
6 43 63
6 44 62
6 45 81
6 46 28
6 47 60
6 48 92
6 49 10
6 50 28
6 51 13
6 52 27
6 53 31
6 54 92
6 55 33
6 56 40
6 57 51
6 58 58
6 59 93
6 60 3
6 61 41
6 62 99
6 63 75
6 64 33
6 65 57
6 66 50
6 67 40
6 68 33
6 69 86
6 70 43
6 71 8
6 72 92
6 73 19
6 74 60
6 75 63
6 76 80
6 77 63
6 78 68
6 79 83
6 80 34
6 81 21
6 82 80
6 83 3
6 84 8
6 85 38
6 86 87
6 87 1
6 88 100
6 89 100
6 90 36
6 91 74
6 92 85
6 93 59
6 94 64
6 95 91
6 96 37
6 97 84
6 98 95
6 99 39
6 100 49
6 101 93
6 102 19
6 103 47
6 104 83
6 105 5
6 106 39
6 107 48
6 108 44
6 109 60
6 110 83
6 111 20
6 112 35
6 113 36
6 114 25
6 115 13
6 116 69
6 117 59
6 118 87
6 119 48
7 8 60
7 9 31
7 10 26
7 11 63
7 12 89
7 13 60
7 14 98
7 15 39
7 16 22
7 17 27
7 18 14
7 19 50
7 20 52
7 21 63
7 22 28
7 23 48
7 24 25
7 25 1
7 26 42
7 27 45
7 28 54
7 29 60
7 30 57
7 31 62
7 32 1
7 33 92
7 34 9
7 35 54
7 36 15
7 37 57
7 38 12
7 39 30
7 40 80
7 41 22
7 42 72
7 43 24
7 44 76
7 45 73
7 46 60
7 47 32
7 48 81
7 49 90
7 50 32
7 51 26
7 52 83
7 53 81
7 54 41
7 55 55
7 56 63
7 57 51
7 58 35
7 59 63
7 60 21
7 61 90
7 62 33
7 63 54
7 64 37
7 65 86
7 66 86
7 67 68
7 68 49
7 69 76
7 70 92
7 71 31
7 72 1
7 73 91
7 74 70
7 75 57
7 76 83
7 77 98
7 78 61
7 79 0
7 80 58
7 81 61
7 82 76
7 83 27
7 84 15
7 85 75
7 86 83
7 87 60
7 88 12
7 89 89
7 90 63
7 91 18
7 92 52
7 93 22
7 94 4
7 95 26
7 96 64
7 97 15
7 98 89
7 99 24
7 100 39
7 101 24
7 102 90
7 103 67
7 104 18
7 105 57
7 106 13
7 107 50
7 108 48
7 109 98
7 110 33
7 111 83
7 112 61
7 113 66
7 114 31
7 115 3
7 116 82
7 117 26
7 118 86
7 119 45
8 9 7
8 10 94
8 11 44
8 12 36
8 13 9
8 14 80
8 15 68
8 16 94
8 17 49
8 18 44
8 19 95
8 20 83
8 21 45
8 22 49
8 23 58
8 24 59
8 25 32
8 26 89
8 27 2
8 28 10
8 29 70
8 30 27
8 31 48
8 32 91
8 33 55
8 34 96
8 35 34
8 36 77
8 37 18
8 38 51
8 39 29
8 40 5
8 41 33
8 42 61
8 43 7
8 44 46
8 45 37
8 46 93
8 47 78
8 48 65
8 49 97
8 50 10
8 51 50
8 52 56
8 53 26
8 54 8
8 55 18
8 56 22
8 57 49
8 58 50
8 59 26
8 60 74
8 61 23
8 62 64
8 63 9
8 64 72
8 65 58
8 66 34
8 67 64
8 68 6
8 69 100
8 70 0
8 71 1
8 72 4
8 73 14
8 74 22
8 75 16
8 76 58
8 77 92
8 78 24
8 79 59
8 80 35
8 81 73
8 82 52
8 83 25
8 84 67
8 85 94
8 86 17
8 87 31
8 88 10
8 89 29
8 90 38
8 91 0
8 92 54
8 93 9
8 94 10
8 95 52
8 96 6
8 97 82
8 98 7
8 99 19
8 100 74
8 101 4
8 102 6
8 103 38
8 104 95
8 105 21
8 106 61
8 107 71
8 108 61
8 109 73
8 110 15
8 111 29
8 112 69
8 113 32
8 114 19
8 115 97
8 116 76
8 117 16
8 118 98
8 119 6
9 10 12
9 11 47
9 12 60
9 13 26
9 14 8
9 15 58
9 16 86
9 17 7
9 18 67
9 19 14
9 20 92
9 21 15
9 22 70
9 23 27
9 24 11
9 25 91
9 26 33
9 27 39
9 28 7
9 29 31
9 30 4
9 31 28
9 32 25
9 33 67
9 34 17
9 35 11
9 36 0
9 37 97
9 38 100
9 39 40
9 40 72
9 41 54
9 42 73
9 43 27
9 44 85
9 45 78
9 46 76
9 47 99
9 48 6
9 49 83
9 50 90
9 51 16
9 52 7
9 53 62
9 54 23
9 55 61
9 56 40
9 57 1
9 58 90
9 59 83
9 60 94
9 61 58
9 62 2
9 63 92
9 64 64
9 65 34
9 66 17
9 67 97
9 68 92
9 69 87
9 70 2
9 71 24
9 72 54
9 73 15
9 74 67
9 75 3
9 76 86
9 77 50
9 78 32
9 79 23
9 80 75
9 81 5
9 82 33
9 83 87
9 84 12
9 85 8
9 86 2
9 87 55
9 88 22
9 89 76
9 90 93
9 91 77
9 92 20
9 93 65
9 94 87
9 95 92
9 96 91
9 97 6
9 98 25
9 99 44
9 100 95
9 101 28
9 102 46
9 103 20
9 104 22
9 105 0
9 106 96
9 107 81
9 108 10
9 109 87
9 110 78
9 111 82
9 112 34
9 113 18
9 114 47
9 115 44
9 116 14
9 117 98
9 118 22
9 119 44
10 11 60
10 12 60
10 13 64
10 14 80
10 15 86
10 16 56
10 17 79
10 18 96
10 19 92
10 20 19
10 21 0
10 22 21
10 23 19
10 24 51
10 25 76
10 26 11
10 27 24
10 28 45
10 29 1
10 30 52
10 31 48
10 32 19
10 33 87
10 34 93
10 35 54
10 36 0
10 37 65
10 38 75
10 39 8
10 40 82
10 41 60
10 42 25
10 43 49
10 44 87
10 45 87
10 46 40
10 47 31
10 48 51
10 49 53
10 50 27
10 51 71
10 52 3
10 53 87
10 54 95
10 55 4
10 56 47
10 57 68
10 58 89
10 59 92
10 60 30
10 61 75
10 62 92
10 63 59
10 64 42
10 65 17
10 66 66
10 67 59
10 68 70
10 69 11
10 70 3
10 71 37
10 72 86
10 73 75
10 74 29
10 75 34
10 76 55
10 77 66
10 78 2
10 79 37
10 80 86
10 81 82
10 82 12
10 83 46
10 84 50
10 85 21
10 86 71
10 87 98
10 88 33
10 89 13
10 90 85
10 91 87
10 92 93
10 93 45
10 94 26
10 95 64
10 96 100
10 97 77
10 98 39
10 99 86
10 100 58
10 101 93
10 102 60
10 103 47
10 104 62
10 105 5
10 106 14
10 107 27
10 108 47
10 109 25
10 110 66
10 111 11
10 112 71
10 113 97
10 114 39
10 115 85
10 116 11
10 117 26
10 118 24
10 119 35
11 12 63
11 13 26
11 14 48
11 15 0
11 16 2
11 17 62
11 18 94
11 19 95
11 20 11
11 21 54
11 22 51
11 23 41
11 24 54
11 25 4
11 26 64
11 27 65
11 28 1
11 29 35
11 30 17
11 31 94
11 32 12
11 33 59
11 34 37
11 35 61
11 36 90
11 37 6
11 38 76
11 39 32
11 40 70
11 41 71
11 42 68
11 43 52
11 44 18
11 45 59
11 46 47
11 47 74
11 48 92
11 49 95
11 50 37
11 51 10
11 52 78
11 53 45
11 54 70
11 55 2
11 56 57
11 57 28
11 58 80
11 59 98
11 60 59
11 61 33
11 62 63
11 63 63
11 64 52
11 65 87
11 66 4
11 67 87
11 68 95
11 69 69
11 70 2
11 71 95
11 72 20
11 73 81
11 74 19
11 75 65
11 76 86
11 77 75
11 78 33
11 79 76
11 80 84
11 81 58
11 82 25
11 83 41
11 84 86
11 85 5
11 86 55
11 87 5
11 88 70
11 89 96
11 90 88
11 91 27
11 92 69
11 93 3
11 94 99
11 95 40
11 96 42
11 97 98
11 98 90
11 99 58
11 100 69
11 101 46
11 102 33
11 103 83
11 104 8
11 105 15
11 106 4
11 107 43
11 108 61
11 109 22
11 110 48
11 111 67
11 112 13
11 113 56
11 114 44
11 115 53
11 116 32
11 117 24
11 118 42
11 119 20
12 13 92
12 14 27
12 15 21
12 16 28
12 17 86
12 18 75
12 19 10
12 20 81
12 21 59
12 22 34
12 23 74
12 24 85
12 25 88
12 26 39
12 27 60
12 28 86
12 29 82
12 30 66
12 31 97
12 32 99
12 33 56
12 34 76
12 35 19
12 36 56
12 37 77
12 38 79
12 39 1
12 40 21
12 41 48
12 42 72
12 43 63
12 44 40
12 45 26
12 46 0
12 47 57
12 48 42
12 49 4
12 50 91
12 51 46
12 52 29
12 53 68
12 54 24
12 55 27
12 56 35
12 57 17
12 58 91
12 59 41
12 60 68
12 61 43
12 62 46
12 63 50
12 64 11
12 65 62
12 66 7
12 67 22
12 68 7
12 69 99
12 70 55
12 71 54
12 72 88
12 73 34
12 74 63
12 75 81
12 76 53
12 77 90
12 78 13
12 79 7
12 80 41
12 81 74
12 82 45
12 83 43
12 84 23
12 85 20
12 86 27
12 87 73
12 88 40
12 89 37
12 90 25
12 91 87
12 92 27
12 93 72
12 94 75
12 95 77
12 96 91
12 97 80
12 98 83
12 99 89
12 100 12
12 101 77
12 102 64
12 103 1
12 104 86
12 105 4
12 106 18
12 107 71
12 108 46
12 109 63
12 110 61
12 111 91
12 112 88
12 113 62
12 114 61
12 115 63
12 116 92
12 117 16
12 118 25
12 119 27
13 14 61
13 15 78
13 16 48
13 17 23
13 18 45
13 19 45
13 20 55
13 21 14
13 22 68
13 23 43
13 24 37
13 25 52
13 26 39
13 27 69
13 28 92
13 29 73
13 30 90
13 31 69
13 32 91
13 33 11
13 34 7
13 35 40
13 36 27
13 37 11
13 38 16
13 39 76
13 40 98
13 41 6
13 42 86
13 43 99
13 44 23
13 45 46
13 46 93
13 47 72
13 48 99
13 49 9
13 50 100
13 51 75
13 52 69
13 53 73
13 54 17
13 55 1
13 56 69
13 57 26
13 58 75
13 59 55
13 60 55
13 61 19
13 62 64
13 63 64
13 64 9
13 65 51
13 66 59
13 67 32
13 68 0
13 69 51
13 70 68
13 71 67
13 72 45
13 73 91
13 74 5
13 75 60
13 76 6
13 77 38
13 78 75
13 79 60
13 80 18
13 81 51
13 82 98
13 83 31
13 84 40
13 85 36
13 86 18
13 87 45
13 88 37
13 89 88
13 90 33
13 91 10
13 92 99
13 93 88
13 94 39
13 95 80
13 96 65
13 97 92
13 98 42
13 99 60
13 100 32
13 101 26
13 102 61
13 103 95
13 104 47
13 105 79
13 106 29
13 107 38
13 108 32
13 109 84
13 110 4
13 111 42
13 112 72
13 113 81
13 114 75
13 115 14
13 116 52
13 117 77
13 118 74
13 119 0
14 15 93
14 16 38
14 17 67
14 18 27
14 19 95
14 20 77
14 21 12
14 22 81
14 23 8
14 24 76
14 25 45
14 26 35
14 27 47
14 28 74
14 29 69
14 30 5
14 31 72
14 32 40
14 33 98
14 34 91
14 35 75
14 36 67
14 37 87
14 38 48
14 39 63
14 40 50
14 41 53
14 42 31
14 43 58
14 44 97
14 45 5
14 46 52
14 47 70
14 48 29
14 49 52
14 50 4
14 51 50
14 52 3
14 53 16
14 54 43
14 55 84
14 56 63
14 57 23
14 58 68
14 59 77
14 60 91
14 61 9
14 62 72
14 63 50
14 64 60
14 65 35
14 66 32
14 67 10
14 68 35
14 69 49
14 70 22
14 71 17
14 72 16
14 73 21
14 74 98
14 75 45
14 76 71
14 77 3
14 78 2
14 79 81
14 80 20
14 81 80
14 82 89
14 83 49
14 84 87
14 85 12
14 86 60
14 87 62
14 88 70
14 89 36
14 90 21
14 91 4
14 92 65
14 93 39
14 94 79
14 95 93
14 96 15
14 97 0
14 98 79
14 99 59
14 100 1
14 101 4
14 102 96
14 103 38
14 104 33
14 105 45
14 106 47
14 107 74
14 108 61
14 109 18
14 110 73
14 111 36
14 112 67
14 113 89
14 114 55
14 115 68
14 116 72
14 117 82
14 118 66
14 119 85
15 16 0
15 17 64
15 18 5
15 19 91
15 20 45
15 21 18
15 22 36
15 23 41
15 24 97
15 25 33
15 26 51
15 27 62
15 28 22
15 29 41
15 30 38
15 31 35
15 32 19
15 33 38
15 34 28
15 35 15
15 36 94
15 37 13
15 38 64
15 39 72
15 40 71
15 41 31
15 42 0
15 43 26
15 44 12
15 45 5
15 46 83
15 47 53
15 48 16
15 49 50
15 50 7
15 51 93
15 52 14
15 53 96
15 54 41
15 55 32
15 56 99
15 57 33
15 58 95
15 59 74
15 60 76
15 61 85
15 62 57
15 63 77
15 64 17
15 65 88
15 66 6
15 67 76
15 68 8
15 69 18
15 70 79
15 71 31
15 72 40
15 73 80
15 74 76
15 75 81
15 76 82
15 77 84
15 78 3
15 79 35
15 80 16
15 81 90
15 82 26
15 83 60
15 84 45
15 85 51
15 86 1
15 87 28
15 88 57
15 89 35
15 90 54
15 91 9
15 92 78
15 93 38
15 94 89
15 95 93
15 96 36
15 97 80
15 98 28
15 99 27
15 100 35
15 101 15
15 102 5
15 103 18
15 104 37
15 105 81
15 106 4
15 107 49
15 108 87
15 109 40
15 110 19
15 111 69
15 112 94
15 113 36
15 114 57
15 115 44
15 116 33
15 117 60
15 118 1
15 119 96
16 17 88
16 18 14
16 19 23
16 20 60
16 21 41
16 22 9
16 23 96
16 24 32
16 25 14
16 26 11
16 27 10
16 28 72
16 29 51
16 30 59
16 31 37
16 32 54
16 33 64
16 34 31
16 35 99
16 36 47
16 37 3
16 38 25
16 39 81
16 40 23
16 41 16
16 42 99
16 43 33
16 44 4
16 45 62
16 46 22
16 47 36
16 48 14
16 49 34
16 50 89
16 51 32
16 52 24
16 53 0
16 54 96
16 55 56
16 56 7
16 57 0
16 58 1
16 59 8
16 60 62
16 61 87
16 62 94
16 63 5
16 64 82
16 65 78
16 66 44
16 67 64
16 68 21
16 69 85
16 70 86
16 71 44
16 72 29
16 73 29
16 74 15
16 75 21
16 76 83
16 77 92
16 78 40
16 79 83
16 80 3
16 81 28
16 82 90
16 83 31
16 84 61
16 85 52
16 86 17
16 87 30
16 88 86
16 89 94
16 90 55
16 91 99
16 92 49
16 93 52
16 94 70
16 95 32
16 96 22
16 97 5
16 98 76
16 99 41
16 100 29
16 101 93
16 102 20
16 103 55
16 104 93
16 105 95
16 106 15
16 107 14
16 108 75
16 109 12
16 110 98
16 111 80
16 112 76
16 113 77
16 114 88
16 115 44
16 116 39
16 117 49
16 118 45
16 119 12
17 18 37
17 19 29
17 20 100
17 21 3
17 22 17
17 23 50
17 24 29
17 25 18
17 26 47
17 27 63
17 28 61
17 29 27
17 30 51
17 31 61
17 32 39
17 33 37
17 34 45
17 35 52
17 36 73
17 37 1
17 38 40
17 39 77
17 40 18
17 41 72
17 42 12
17 43 40
17 44 93
17 45 30
17 46 52
17 47 52
17 48 36
17 49 31
17 50 70
17 51 21
17 52 58
17 53 11
17 54 55
17 55 98
17 56 89
17 57 50
17 58 28
17 59 60
17 60 21
17 61 70
17 62 3
17 63 91
17 64 78
17 65 23
17 66 48
17 67 77
17 68 62
17 69 38
17 70 8
17 71 45
17 72 26
17 73 26
17 74 99
17 75 72
17 76 8
17 77 36
17 78 61
17 79 42
17 80 2
17 81 41
17 82 80
17 83 56
17 84 46
17 85 92
17 86 70
17 87 9
17 88 85
17 89 52
17 90 39
17 91 83
17 92 50
17 93 14
17 94 68
17 95 72
17 96 47
17 97 4
17 98 97
17 99 34
17 100 85
17 101 34
17 102 57
17 103 70
17 104 55
17 105 93
17 106 4
17 107 67
17 108 61
17 109 66
17 110 30
17 111 77
17 112 27
17 113 47
17 114 91
17 115 44
17 116 31
17 117 79
17 118 10
17 119 58
18 19 27
18 20 14
18 21 68
18 22 40
18 23 22
18 24 82
18 25 82
18 26 41
18 27 39
18 28 35
18 29 13
18 30 57
18 31 95
18 32 33
18 33 13
18 34 87
18 35 88
18 36 57
18 37 41
18 38 58
18 39 77
18 40 31
18 41 69
18 42 74
18 43 64
18 44 100
18 45 76
18 46 14
18 47 44
18 48 14
18 49 66
18 50 55
18 51 9
18 52 72
18 53 18
18 54 2
18 55 32
18 56 36
18 57 100
18 58 94
18 59 30
18 60 35
18 61 39
18 62 91
18 63 26
18 64 9
18 65 6
18 66 93
18 67 51
18 68 10
18 69 90
18 70 44
18 71 9
18 72 94
18 73 58
18 74 53
18 75 99
18 76 18
18 77 4
18 78 76
18 79 98
18 80 62
18 81 5
18 82 13
18 83 25
18 84 22
18 85 17
18 86 76
18 87 12
18 88 18
18 89 2
18 90 72
18 91 79
18 92 12
18 93 83
18 94 93
18 95 59
18 96 66
18 97 70
18 98 82
18 99 71
18 100 8
18 101 26
18 102 30
18 103 14
18 104 94
18 105 47
18 106 29
18 107 91
18 108 89
18 109 66
18 110 82
18 111 10
18 112 78
18 113 66
18 114 100
18 115 11
18 116 96
18 117 12
18 118 46
18 119 8
19 20 65
19 21 99
19 22 100
19 23 58
19 24 77
19 25 100
19 26 70
19 27 79
19 28 72
19 29 55
19 30 40
19 31 43
19 32 53
19 33 76
19 34 5
19 35 99
19 36 19
19 37 75
19 38 92
19 39 73
19 40 51
19 41 22
19 42 66
19 43 17
19 44 23
19 45 99
19 46 31
19 47 30
19 48 63
19 49 8
19 50 49
19 51 55
19 52 64
19 53 41
19 54 100
19 55 66
19 56 85
19 57 96
19 58 62
19 59 47
19 60 76
19 61 36
19 62 12
19 63 78
19 64 23
19 65 12
19 66 31
19 67 92
19 68 9
19 69 95
19 70 78
19 71 64
19 72 96
19 73 5
19 74 46
19 75 80
19 76 25
19 77 15
19 78 60
19 79 77
19 80 73
19 81 31
19 82 76
19 83 90
19 84 96
19 85 72
19 86 92
19 87 22
19 88 68
19 89 30
19 90 39
19 91 96
19 92 87
19 93 63
19 94 2
19 95 14
19 96 64
19 97 59
19 98 33
19 99 23
19 100 93
19 101 88
19 102 32
19 103 11
19 104 53
19 105 37
19 106 31
19 107 77
19 108 56
19 109 90
19 110 41
19 111 64
19 112 38
19 113 25
19 114 42
19 115 33
19 116 6
19 117 48
19 118 61
19 119 5
20 21 91
20 22 39
20 23 40
20 24 69
20 25 99
20 26 64
20 27 28
20 28 15
20 29 30
20 30 3
20 31 73
20 32 25
20 33 64
20 34 10
20 35 85
20 36 82
20 37 53
20 38 35
20 39 35
20 40 73
20 41 88
20 42 43
20 43 87
20 44 24
20 45 69
20 46 13
20 47 58
20 48 25
20 49 39
20 50 96
20 51 59
20 52 31
20 53 64
20 54 26
20 55 92
20 56 85
20 57 23
20 58 97
20 59 47
20 60 67
20 61 43
20 62 73
20 63 14
20 64 99
20 65 93
20 66 0
20 67 19
20 68 35
20 69 54
20 70 40
20 71 83
20 72 28
20 73 0
20 74 4
20 75 67
20 76 59
20 77 60
20 78 94
20 79 61
20 80 12
20 81 25
20 82 9
20 83 63
20 84 19
20 85 25
20 86 6
20 87 36
20 88 84
20 89 20
20 90 87
20 91 88
20 92 82
20 93 15
20 94 73
20 95 14
20 96 78
20 97 34
20 98 54
20 99 39
20 100 28
20 101 60
20 102 20
20 103 1
20 104 52
20 105 2
20 106 47
20 107 97
20 108 11
20 109 66
20 110 94
20 111 87
20 112 91
20 113 70
20 114 19
20 115 32
20 116 60
20 117 26
20 118 23
20 119 11
21 22 93
21 23 77
21 24 82
21 25 98
21 26 89
21 27 45
21 28 66
21 29 74
21 30 63
21 31 45
21 32 21
21 33 33
21 34 63
21 35 23
21 36 40
21 37 1
21 38 30
21 39 26
21 40 25
21 41 42
21 42 8
21 43 58
21 44 31
21 45 28
21 46 11
21 47 65
21 48 32
21 49 32
21 50 73
21 51 32
21 52 80
21 53 60
21 54 67
21 55 84
21 56 21
21 57 61
21 58 78
21 59 18
21 60 91
21 61 1
21 62 76
21 63 28
21 64 9
21 65 90
21 66 27
21 67 59
21 68 2
21 69 1
21 70 37
21 71 86
21 72 73
21 73 82
21 74 35
21 75 88
21 76 97
21 77 40
21 78 29
21 79 95
21 80 38
21 81 87
21 82 64
21 83 94
21 84 70
21 85 1
21 86 38
21 87 97
21 88 26
21 89 29
21 90 42
21 91 9
21 92 29
21 93 14
21 94 51
21 95 88
21 96 38
21 97 44
21 98 18
21 99 11
21 100 58
21 101 50
21 102 42
21 103 65
21 104 49
21 105 1
21 106 78
21 107 65
21 108 81
21 109 28
21 110 89
21 111 36
21 112 95
21 113 56
21 114 71
21 115 63
21 116 6
21 117 4
21 118 52
21 119 21
22 23 69
22 24 59
22 25 5
22 26 89
22 27 31
22 28 20
22 29 91
22 30 79
22 31 35
22 32 28
22 33 56
22 34 39
22 35 82
22 36 92
22 37 45
22 38 33
22 39 22
22 40 98
22 41 24
22 42 52
22 43 19
22 44 51
22 45 51
22 46 19
22 47 44
22 48 15
22 49 16
22 50 51
22 51 41
22 52 68
22 53 16
22 54 22
22 55 97
22 56 60
22 57 12
22 58 5
22 59 96
22 60 98
22 61 46
22 62 1
22 63 49
22 64 100
22 65 50
22 66 80
22 67 91
22 68 29
22 69 5
22 70 37
22 71 71
22 72 42
22 73 45
22 74 31
22 75 16
22 76 10
22 77 57
22 78 14
22 79 76
22 80 3
22 81 38
22 82 19
22 83 4
22 84 60
22 85 45
22 86 19
22 87 38
22 88 20
22 89 1
22 90 62
22 91 77
22 92 24
22 93 4
22 94 80
22 95 74
22 96 100
22 97 49
22 98 68
22 99 26
22 100 61
22 101 89
22 102 6
22 103 45
22 104 54
22 105 89
22 106 87
22 107 82
22 108 79
22 109 65
22 110 41
22 111 48
22 112 50
22 113 35
22 114 25
22 115 24
22 116 55
22 117 44
22 118 5
22 119 22
23 24 70
23 25 47
23 26 77
23 27 48
23 28 38
23 29 31
23 30 32
23 31 52
23 32 26
23 33 20
23 34 29
23 35 69
23 36 80
23 37 25
23 38 77
23 39 60
23 40 96
23 41 96
23 42 99
23 43 59
23 44 57
23 45 90
23 46 52
23 47 59
23 48 21
23 49 23
23 50 99
23 51 15
23 52 88
23 53 90
23 54 30
23 55 91
23 56 58
23 57 50
23 58 66
23 59 17
23 60 45
23 61 13
23 62 90
23 63 21
23 64 2
23 65 66
23 66 73
23 67 36
23 68 49
23 69 34
23 70 21
23 71 98
23 72 14
23 73 26
23 74 89
23 75 54
23 76 66
23 77 58
23 78 24
23 79 15
23 80 12
23 81 3
23 82 34
23 83 88
23 84 85
23 85 15
23 86 20
23 87 51
23 88 73
23 89 54
23 90 9
23 91 36
23 92 99
23 93 32
23 94 33
23 95 88
23 96 96
23 97 80
23 98 12
23 99 63
23 100 50
23 101 73
23 102 3
23 103 94
23 104 79
23 105 76
23 106 32
23 107 60
23 108 0
23 109 52
23 110 27
23 111 10
23 112 45
23 113 38
23 114 48
23 115 24
23 116 77
23 117 62
23 118 50
23 119 52
24 25 63
24 26 62
24 27 14
24 28 67
24 29 55
24 30 38
24 31 16
24 32 20
24 33 22
24 34 73
24 35 24
24 36 1
24 37 54
24 38 13
24 39 45
24 40 18
24 41 81
24 42 62
24 43 96
24 44 55
24 45 90
24 46 43
24 47 75
24 48 68
24 49 59
24 50 47
24 51 95
24 52 78
24 53 81
24 54 32
24 55 70
24 56 8
24 57 49
24 58 59
24 59 19
24 60 35
24 61 99
24 62 48
24 63 5
24 64 86
24 65 84
24 66 35
24 67 7
24 68 17
24 69 45
24 70 79
24 71 30
24 72 49
24 73 79
24 74 7
24 75 10
24 76 78
24 77 8
24 78 19
24 79 76
24 80 63
24 81 1
24 82 8
24 83 66
24 84 71
24 85 38
24 86 82
24 87 54
24 88 42
24 89 29
24 90 46
24 91 100
24 92 78
24 93 40
24 94 46
24 95 10
24 96 74
24 97 12
24 98 99
24 99 2
24 100 50
24 101 70
24 102 36
24 103 74
24 104 1
24 105 67
24 106 99
24 107 98
24 108 69
24 109 6
24 110 25
24 111 74
24 112 8
24 113 79
24 114 73
24 115 27
24 116 42
24 117 51
24 118 5
24 119 81
25 26 38
25 27 5
25 28 49
25 29 76
25 30 75
25 31 65
25 32 45
25 33 92
25 34 87
25 35 83
25 36 42
25 37 88
25 38 86
25 39 23
25 40 87
25 41 54
25 42 20
25 43 88
25 44 24
25 45 71
25 46 70
25 47 17
25 48 66
25 49 18
25 50 18
25 51 5
25 52 26
25 53 2
25 54 79
25 55 45
25 56 64
25 57 53
25 58 61
25 59 10
25 60 66
25 61 33
25 62 78
25 63 76
25 64 13
25 65 27
25 66 60
25 67 39
25 68 65
25 69 96
25 70 23
25 71 79
25 72 83
25 73 45
25 74 61
25 75 69
25 76 5
25 77 50
25 78 57
25 79 83
25 80 95
25 81 94
25 82 36
25 83 86
25 84 26
25 85 50
25 86 76
25 87 61
25 88 41
25 89 28
25 90 37
25 91 55
25 92 87
25 93 3
25 94 56
25 95 52
25 96 68
25 97 28
25 98 74
25 99 10
25 100 57
25 101 8
25 102 13
25 103 79
25 104 98
25 105 9
25 106 60
25 107 2
25 108 66
25 109 54
25 110 82
25 111 98
25 112 63
25 113 78
25 114 76
25 115 17
25 116 23
25 117 42
25 118 56
25 119 72
26 27 76
26 28 47
26 29 42
26 30 67
26 31 61
26 32 21
26 33 0
26 34 11
26 35 25
26 36 41
26 37 67
26 38 87
26 39 55
26 40 47
26 41 70
26 42 37
26 43 99
26 44 61
26 45 12
26 46 90
26 47 59
26 48 42
26 49 25
26 50 25
26 51 80
26 52 88
26 53 55
26 54 4
26 55 51
26 56 22
26 57 91
26 58 1
26 59 20
26 60 80
26 61 51
26 62 28
26 63 0
26 64 53
26 65 89
26 66 46
26 67 89
26 68 63
26 69 11
26 70 7
26 71 46
26 72 27
26 73 12
26 74 34
26 75 3
26 76 83
26 77 48
26 78 48
26 79 70
26 80 64
26 81 1
26 82 45
26 83 46
26 84 28
26 85 83
26 86 87
26 87 5
26 88 94
26 89 36
26 90 59
26 91 39
26 92 66
26 93 91
26 94 99
26 95 24
26 96 92
26 97 35
26 98 71
26 99 28
26 100 20
26 101 48
26 102 16
26 103 67
26 104 10
26 105 11
26 106 90
26 107 40
26 108 57
26 109 96
26 110 61
26 111 8
26 112 59
26 113 50
26 114 63
26 115 91
26 116 57
26 117 70
26 118 43
26 119 27
27 28 29
27 29 47
27 30 83
27 31 72
27 32 2
27 33 26
27 34 3
27 35 79
27 36 59
27 37 64
27 38 33
27 39 32
27 40 53
27 41 89
27 42 25
27 43 18
27 44 3
27 45 4
27 46 69
27 47 53
27 48 44
27 49 46
27 50 55
27 51 13
27 52 29
27 53 95
27 54 91
27 55 7
27 56 56
27 57 19
27 58 89
27 59 4
27 60 17
27 61 64
27 62 98
27 63 5
27 64 35
27 65 81
27 66 9
27 67 0
27 68 47
27 69 45
27 70 48
27 71 9
27 72 61
27 73 10
27 74 84
27 75 96
27 76 75
27 77 16
27 78 29
27 79 84
27 80 4
27 81 1
27 82 82
27 83 37
27 84 65
27 85 67
27 86 55
27 87 16
27 88 49
27 89 16
27 90 30
27 91 45
27 92 14
27 93 46
27 94 13
27 95 1
27 96 57
27 97 55
27 98 64
27 99 16
27 100 57
27 101 8
27 102 54
27 103 38
27 104 29
27 105 16
27 106 46
27 107 19
27 108 43
27 109 76
27 110 59
27 111 99
27 112 44
27 113 20
27 114 34
27 115 52
27 116 11
27 117 32
27 118 39
27 119 38
28 29 58
28 30 29
28 31 26
28 32 68
28 33 35
28 34 88
28 35 42
28 36 4
28 37 40
28 38 14
28 39 59
28 40 87
28 41 48
28 42 65
28 43 27
28 44 98
28 45 77
28 46 24
28 47 55
28 48 36
28 49 35
28 50 10
28 51 32
28 52 22
28 53 30
28 54 46
28 55 58
28 56 40
28 57 16
28 58 76
28 59 94
28 60 60
28 61 46
28 62 72
28 63 71
28 64 66
28 65 68
28 66 35
28 67 80
28 68 78
28 69 20
28 70 43
28 71 84
28 72 55
28 73 23
28 74 34
28 75 54
28 76 43
28 77 19
28 78 48
28 79 52
28 80 53
28 81 9
28 82 67
28 83 60
28 84 81
28 85 34
28 86 79
28 87 7
28 88 86
28 89 54
28 90 21
28 91 70
28 92 34
28 93 25
28 94 83
28 95 46
28 96 59
28 97 6
28 98 24
28 99 17
28 100 7
28 101 37
28 102 33
28 103 44
28 104 44
28 105 14
28 106 71
28 107 92
28 108 64
28 109 18
28 110 88
28 111 70
28 112 83
28 113 75
28 114 10
28 115 8
28 116 58
28 117 71
28 118 15
28 119 58
29 30 40
29 31 30
29 32 49
29 33 98
29 34 48
29 35 50
29 36 99
29 37 64
29 38 42
29 39 50
29 40 19
29 41 43
29 42 47
29 43 33
29 44 5
29 45 65
29 46 82
29 47 12
29 48 48
29 49 57
29 50 21
29 51 55
29 52 62
29 53 91
29 54 50
29 55 50
29 56 84
29 57 27
29 58 91
29 59 42
29 60 40
29 61 28
29 62 42
29 63 70
29 64 46
29 65 53
29 66 32
29 67 18
29 68 1
29 69 52
29 70 63
29 71 86
29 72 74
29 73 43
29 74 23
29 75 36
29 76 96
29 77 66
29 78 80
29 79 91
29 80 93
29 81 64
29 82 36
29 83 45
29 84 58
29 85 75
29 86 13
29 87 12
29 88 11
29 89 42
29 90 46
29 91 71
29 92 84
29 93 66
29 94 47
29 95 8
29 96 19
29 97 96
29 98 80
29 99 83
29 100 10
29 101 81
29 102 96
29 103 33
29 104 22
29 105 30
29 106 8
29 107 3
29 108 82
29 109 42
29 110 81
29 111 11
29 112 84
29 113 64
29 114 52
29 115 14
29 116 97
29 117 68
29 118 42
29 119 63
30 31 32
30 32 52
30 33 70
30 34 76
30 35 27
30 36 32
30 37 21
30 38 39
30 39 43
30 40 69
30 41 62
30 42 5
30 43 65
30 44 12
30 45 5
30 46 53
30 47 97
30 48 26
30 49 77
30 50 25
30 51 70
30 52 96
30 53 81
30 54 28
30 55 100
30 56 31
30 57 84
30 58 59
30 59 0
30 60 38
30 61 10
30 62 37
30 63 5
30 64 30
30 65 42
30 66 26
30 67 83
30 68 94
30 69 57
30 70 63
30 71 68
30 72 35
30 73 93
30 74 23
30 75 62
30 76 95
30 77 51
30 78 68
30 79 8
30 80 20
30 81 37
30 82 38
30 83 87
30 84 1
30 85 57
30 86 61
30 87 62
30 88 81
30 89 76
30 90 14
30 91 20
30 92 26
30 93 86
30 94 35
30 95 16
30 96 59
30 97 24
30 98 86
30 99 81
30 100 40
30 101 6
30 102 22
30 103 32
30 104 8
30 105 59
30 106 22
30 107 49
30 108 57
30 109 3
30 110 19
30 111 48
30 112 37
30 113 25
30 114 42
30 115 98
30 116 90
30 117 75
30 118 7
30 119 33
31 32 67
31 33 49
31 34 28
31 35 31
31 36 29
31 37 25
31 38 37
31 39 53
31 40 74
31 41 60
31 42 63
31 43 100
31 44 78
31 45 29
31 46 53
31 47 34
31 48 51
31 49 91
31 50 92
31 51 99
31 52 8
31 53 37
31 54 75
31 55 61
31 56 84
31 57 76
31 58 29
31 59 39
31 60 67
31 61 33
31 62 27
31 63 38
31 64 92
31 65 13
31 66 30
31 67 82
31 68 90
31 69 10
31 70 96
31 71 52
31 72 32
31 73 41
31 74 82
31 75 4
31 76 54
31 77 55
31 78 31
31 79 40
31 80 4
31 81 6
31 82 53
31 83 87
31 84 93
31 85 40
31 86 72
31 87 34
31 88 46
31 89 17
31 90 80
31 91 1
31 92 75
31 93 82
31 94 65
31 95 41
31 96 7
31 97 46
31 98 40
31 99 52
31 100 89
31 101 13
31 102 88
31 103 81
31 104 66
31 105 67
31 106 62
31 107 97
31 108 78
31 109 98
31 110 58
31 111 53
31 112 22
31 113 96
31 114 32
31 115 32
31 116 40
31 117 66
31 118 34
31 119 59
32 33 17
32 34 14
32 35 0
32 36 61
32 37 39
32 38 20
32 39 36
32 40 11
32 41 42
32 42 1
32 43 79
32 44 93
32 45 87
32 46 35
32 47 35
32 48 52
32 49 59
32 50 56
32 51 48
32 52 65
32 53 51
32 54 85
32 55 62
32 56 14
32 57 90
32 58 0
32 59 44
32 60 58
32 61 88
32 62 30
32 63 67
32 64 36
32 65 22
32 66 95
32 67 69
32 68 64
32 69 43
32 70 26
32 71 63
32 72 57
32 73 89
32 74 47
32 75 41
32 76 77
32 77 53
32 78 88
32 79 95
32 80 10
32 81 69
32 82 97
32 83 26
32 84 56
32 85 57
32 86 71
32 87 38
32 88 8
32 89 61
32 90 88
32 91 87
32 92 39
32 93 94
32 94 52
32 95 24
32 96 100
32 97 34
32 98 63
32 99 83
32 100 94
32 101 97
32 102 72
32 103 34
32 104 93
32 105 67
32 106 0
32 107 18
32 108 66
32 109 18
32 110 98
32 111 77
32 112 23
32 113 8
32 114 44
32 115 43
32 116 12
32 117 60
32 118 94
32 119 16
33 34 26
33 35 40
33 36 1
33 37 7
33 38 34
33 39 79
33 40 44
33 41 89
33 42 11
33 43 86
33 44 66
33 45 80
33 46 22
33 47 92
33 48 35
33 49 11
33 50 89
33 51 40
33 52 62
33 53 68
33 54 85
33 55 46
33 56 66
33 57 32
33 58 35
33 59 11
33 60 23
33 61 17
33 62 22
33 63 27
33 64 24
33 65 18
33 66 62
33 67 50
33 68 46
33 69 92
33 70 16
33 71 32
33 72 8
33 73 90
33 74 29
33 75 47
33 76 9
33 77 38
33 78 10
33 79 21
33 80 32
33 81 69
33 82 91
33 83 48
33 84 11
33 85 78
33 86 81
33 87 30
33 88 47
33 89 10
33 90 97
33 91 87
33 92 45
33 93 26
33 94 6
33 95 34
33 96 55
33 97 54
33 98 42
33 99 14
33 100 85
33 101 43
33 102 10
33 103 24
33 104 54
33 105 25
33 106 0
33 107 55
33 108 23
33 109 7
33 110 27
33 111 31
33 112 39
33 113 40
33 114 80
33 115 74
33 116 38
33 117 40
33 118 94
33 119 13
34 35 9
34 36 71
34 37 29
34 38 88
34 39 61
34 40 9
34 41 59
34 42 85
34 43 14
34 44 0
34 45 20
34 46 83
34 47 69
34 48 32
34 49 32
34 50 99
34 51 80
34 52 37
34 53 47
34 54 79
34 55 15
34 56 52
34 57 51
34 58 45
34 59 43
34 60 65
34 61 37
34 62 97
34 63 97
34 64 81
34 65 71
34 66 58
34 67 30
34 68 49
34 69 83
34 70 5
34 71 36
34 72 82
34 73 84
34 74 52
34 75 87
34 76 61
34 77 5
34 78 52
34 79 47
34 80 94
34 81 6
34 82 39
34 83 48
34 84 48
34 85 16
34 86 80
34 87 6
34 88 63
34 89 24
34 90 74
34 91 16
34 92 77
34 93 48
34 94 95
34 95 29
34 96 43
34 97 98
34 98 72
34 99 88
34 100 63
34 101 81
34 102 9
34 103 53
34 104 38
34 105 10
34 106 1
34 107 58
34 108 32
34 109 78
34 110 51
34 111 32
34 112 93
34 113 38
34 114 100
34 115 61
34 116 18
34 117 51
34 118 27
34 119 56
35 36 80
35 37 85
35 38 25
35 39 8
35 40 60
35 41 87
35 42 59
35 43 86
35 44 19
35 45 39
35 46 58
35 47 34
35 48 80
35 49 46
35 50 85
35 51 37
35 52 59
35 53 61
35 54 67
35 55 69
35 56 18
35 57 56
35 58 60
35 59 33
35 60 86
35 61 49
35 62 28
35 63 89
35 64 98
35 65 64
35 66 45
35 67 62
35 68 80
35 69 24
35 70 64
35 71 42
35 72 41
35 73 97
35 74 35
35 75 8
35 76 4
35 77 25
35 78 57
35 79 97
35 80 57
35 81 14
35 82 77
35 83 85
35 84 44
35 85 41
35 86 10
35 87 28
35 88 31
35 89 72
35 90 64
35 91 26
35 92 63
35 93 93
35 94 86
35 95 5
35 96 37
35 97 31
35 98 56
35 99 28
35 100 49
35 101 23
35 102 77
35 103 84
35 104 93
35 105 55
35 106 19
35 107 10
35 108 63
35 109 59
35 110 30
35 111 54
35 112 5
35 113 7
35 114 67
35 115 4
35 116 11
35 117 61
35 118 28
35 119 59
36 37 90
36 38 68
36 39 96
36 40 65
36 41 35
36 42 57
36 43 0
36 44 7
36 45 53
36 46 48
36 47 16
36 48 28
36 49 48
36 50 6
36 51 45
36 52 22
36 53 31
36 54 33
36 55 86
36 56 88
36 57 91
36 58 90
36 59 17
36 60 45
36 61 32
36 62 7
36 63 90
36 64 63
36 65 100
36 66 44
36 67 17
36 68 81
36 69 9
36 70 36
36 71 93
36 72 62
36 73 31
36 74 60
36 75 13
36 76 68
36 77 89
36 78 56
36 79 47
36 80 46
36 81 26
36 82 8
36 83 100
36 84 56
36 85 25
36 86 8
36 87 89
36 88 95
36 89 50
36 90 12
36 91 33
36 92 52
36 93 37
36 94 76
36 95 80
36 96 16
36 97 23
36 98 63
36 99 82
36 100 25
36 101 1
36 102 80
36 103 69
36 104 14
36 105 70
36 106 34
36 107 59
36 108 87
36 109 32
36 110 43
36 111 58
36 112 8
36 113 73
36 114 70
36 115 76
36 116 20
36 117 70
36 118 71
36 119 45
37 38 14
37 39 68
37 40 69
37 41 25
37 42 20
37 43 93
37 44 98
37 45 99
37 46 76
37 47 71
37 48 3
37 49 66
37 50 41
37 51 81
37 52 46
37 53 36
37 54 29
37 55 79
37 56 23
37 57 39
37 58 96
37 59 18
37 60 25
37 61 39
37 62 29
37 63 2
37 64 38
37 65 91
37 66 54
37 67 76
37 68 14
37 69 16
37 70 0
37 71 77
37 72 73
37 73 90
37 74 9
37 75 63
37 76 0
37 77 20
37 78 87
37 79 28
37 80 77
37 81 68
37 82 15
37 83 88
37 84 19
37 85 73
37 86 18
37 87 85
37 88 41
37 89 60
37 90 67
37 91 7
37 92 80
37 93 37
37 94 42
37 95 92
37 96 54
37 97 46
37 98 10
37 99 78
37 100 58
37 101 69
37 102 72
37 103 50
37 104 2
37 105 39
37 106 22
37 107 24
37 108 44
37 109 31
37 110 51
37 111 64
37 112 12
37 113 35
37 114 40
37 115 61
37 116 86
37 117 80
37 118 47
37 119 91
38 39 89
38 40 37
38 41 80
38 42 68
38 43 37
38 44 32
38 45 83
38 46 74
38 47 64
38 48 22
38 49 42
38 50 65
38 51 84
38 52 70
38 53 79
38 54 10
38 55 20
38 56 21
38 57 100
38 58 52
38 59 10
38 60 81
38 61 95
38 62 55
38 63 45
38 64 80
38 65 37
38 66 48
38 67 83
38 68 8
38 69 34
38 70 16
38 71 45
38 72 57
38 73 79
38 74 63
38 75 4
38 76 14
38 77 60
38 78 18
38 79 73
38 80 7
38 81 55
38 82 0
38 83 67
38 84 35
38 85 64
38 86 6
38 87 89
38 88 72
38 89 52
38 90 36
38 91 26
38 92 30
38 93 73
38 94 98
38 95 93
38 96 84
38 97 53
38 98 68
38 99 5
38 100 49
38 101 43
38 102 65
38 103 60
38 104 7
38 105 71
38 106 23
38 107 85
38 108 41
38 109 35
38 110 80
38 111 82
38 112 5
38 113 45
38 114 28
38 115 100
38 116 99
38 117 58
38 118 23
38 119 49
39 40 38
39 41 62
39 42 71
39 43 93
39 44 8
39 45 89
39 46 97
39 47 65
39 48 75
39 49 78
39 50 44
39 51 43
39 52 95
39 53 67
39 54 81
39 55 61
39 56 4
39 57 35
39 58 88
39 59 15
39 60 37
39 61 70
39 62 11
39 63 17
39 64 45
39 65 36
39 66 63
39 67 68
39 68 10
39 69 29
39 70 64
39 71 66
39 72 41
39 73 57
39 74 34
39 75 51
39 76 27
39 77 20
39 78 38
39 79 91
39 80 70
39 81 51
39 82 67
39 83 82
39 84 85
39 85 56
39 86 5
39 87 53
39 88 10
39 89 80
39 90 51
39 91 12
39 92 14
39 93 35
39 94 33
39 95 1
39 96 81
39 97 97
39 98 7
39 99 16
39 100 56
39 101 9
39 102 27
39 103 63
39 104 16
39 105 20
39 106 44
39 107 12
39 108 47
39 109 29
39 110 5
39 111 77
39 112 50
39 113 70
39 114 44
39 115 10
39 116 7
39 117 50
39 118 61
39 119 30
40 41 24
40 42 9
40 43 86
40 44 64
40 45 50
40 46 32
40 47 94
40 48 43
40 49 87
40 50 57
40 51 85
40 52 7
40 53 66
40 54 40
40 55 95
40 56 59
40 57 79
40 58 38
40 59 77
40 60 64
40 61 31
40 62 34
40 63 54
40 64 49
40 65 9
40 66 26
40 67 54
40 68 16
40 69 7
40 70 56
40 71 51
40 72 87
40 73 25
40 74 6
40 75 84
40 76 29
40 77 7
40 78 71
40 79 10
40 80 18
40 81 71
40 82 78
40 83 59
40 84 35
40 85 49
40 86 60
40 87 18
40 88 65
40 89 9
40 90 76
40 91 15
40 92 70
40 93 20
40 94 74
40 95 46
40 96 69
40 97 66
40 98 22
40 99 61
40 100 58
40 101 13
40 102 83
40 103 35
40 104 41
40 105 90
40 106 84
40 107 19
40 108 19
40 109 65
40 110 27
40 111 12
40 112 55
40 113 57
40 114 19
40 115 15
40 116 65
40 117 89
40 118 6
40 119 3
41 42 79
41 43 1
41 44 44
41 45 3
41 46 48
41 47 20
41 48 70
41 49 98
41 50 54
41 51 76
41 52 97
41 53 21
41 54 17
41 55 48
41 56 2
41 57 17
41 58 18
41 59 99
41 60 60
41 61 44
41 62 84
41 63 21
41 64 21
41 65 61
41 66 11
41 67 51
41 68 51
41 69 16
41 70 86
41 71 49
41 72 1
41 73 1
41 74 4
41 75 81
41 76 42
41 77 27
41 78 44
41 79 50
41 80 42
41 81 38
41 82 46
41 83 80
41 84 76
41 85 22
41 86 38
41 87 86
41 88 30
41 89 9
41 90 19
41 91 43
41 92 6
41 93 99
41 94 13
41 95 22
41 96 47
41 97 39
41 98 74
41 99 76
41 100 6
41 101 63
41 102 74
41 103 88
41 104 52
41 105 32
41 106 12
41 107 70
41 108 98
41 109 4
41 110 80
41 111 9
41 112 53
41 113 15
41 114 51
41 115 84
41 116 2
41 117 85
41 118 14
41 119 96
42 43 88
42 44 72
42 45 45
42 46 91
42 47 3
42 48 88
42 49 85
42 50 87
42 51 89
42 52 15
42 53 59
42 54 87
42 55 44
42 56 53
42 57 19
42 58 83
42 59 24
42 60 49
42 61 48
42 62 52
42 63 51
42 64 63
42 65 97
42 66 27
42 67 46
42 68 93
42 69 89
42 70 82
42 71 80
42 72 90
42 73 17
42 74 25
42 75 74
42 76 61
42 77 40
42 78 93
42 79 88
42 80 14
42 81 50
42 82 85
42 83 81
42 84 10
42 85 78
42 86 23
42 87 15
42 88 18
42 89 3
42 90 19
42 91 4
42 92 94
42 93 15
42 94 77
42 95 37
42 96 97
42 97 45
42 98 98
42 99 11
42 100 76
42 101 17
42 102 30
42 103 3
42 104 4
42 105 85
42 106 42
42 107 0
42 108 30
42 109 28
42 110 5
42 111 24
42 112 1
42 113 33
42 114 53
42 115 65
42 116 12
42 117 81
42 118 17
42 119 39
43 44 29
43 45 5
43 46 67
43 47 5
43 48 3
43 49 80
43 50 65
43 51 78
43 52 13
43 53 100
43 54 76
43 55 75
43 56 43
43 57 35
43 58 76
43 59 33
43 60 39
43 61 77
43 62 89
43 63 34
43 64 94
43 65 98
43 66 87
43 67 14
43 68 6
43 69 78
43 70 38
43 71 53
43 72 16
43 73 16
43 74 25
43 75 19
43 76 66
43 77 27
43 78 76
43 79 90
43 80 65
43 81 47
43 82 58
43 83 62
43 84 17
43 85 14
43 86 17
43 87 82
43 88 97
43 89 56
43 90 31
43 91 26
43 92 95
43 93 62
43 94 82
43 95 21
43 96 48
43 97 77
43 98 17
43 99 93
43 100 64
43 101 65
43 102 61
43 103 19
43 104 57
43 105 10
43 106 49
43 107 5
43 108 2
43 109 81
43 110 79
43 111 97
43 112 96
43 113 54
43 114 8
43 115 23
43 116 100
43 117 17
43 118 78
43 119 73
44 45 94
44 46 93
44 47 4
44 48 75
44 49 6
44 50 1
44 51 65
44 52 68
44 53 93
44 54 32
44 55 91
44 56 57
44 57 49
44 58 12
44 59 76
44 60 31
44 61 88
44 62 97
44 63 30
44 64 52
44 65 88
44 66 53
44 67 62
44 68 32
44 69 1
44 70 8
44 71 94
44 72 89
44 73 43
44 74 3
44 75 27
44 76 59
44 77 24
44 78 86
44 79 46
44 80 73
44 81 24
44 82 34
44 83 72
44 84 76
44 85 0
44 86 87
44 87 23
44 88 88
44 89 32
44 90 86
44 91 7
44 92 11
44 93 64
44 94 24
44 95 19
44 96 34
44 97 31
44 98 86
44 99 76
44 100 93
44 101 92
44 102 77
44 103 25
44 104 28
44 105 55
44 106 61
44 107 53
44 108 9
44 109 1
44 110 69
44 111 42
44 112 46
44 113 12
44 114 59
44 115 51
44 116 4
44 117 100
44 118 88
44 119 6
45 46 2
45 47 65
45 48 19
45 49 52
45 50 10
45 51 1
45 52 58
45 53 51
45 54 20
45 55 95
45 56 77
45 57 97
45 58 41
45 59 11
45 60 72
45 61 2
45 62 45
45 63 35
45 64 4
45 65 52
45 66 83
45 67 7
45 68 50
45 69 33
45 70 89
45 71 81
45 72 44
45 73 16
45 74 79
45 75 89
45 76 73
45 77 48
45 78 2
45 79 15
45 80 75
45 81 41
45 82 97
45 83 33
45 84 22
45 85 69
45 86 97
45 87 91
45 88 73
45 89 16
45 90 34
45 91 60
45 92 11
45 93 31
45 94 1
45 95 36
45 96 12
45 97 0
45 98 38
45 99 9
45 100 29
45 101 73
45 102 28
45 103 89
45 104 78
45 105 7
45 106 66
45 107 13
45 108 83
45 109 78
45 110 45
45 111 0
45 112 92
45 113 38
45 114 69
45 115 85
45 116 0
45 117 88
45 118 68
45 119 10
46 47 93
46 48 12
46 49 23
46 50 93
46 51 94
46 52 60
46 53 48
46 54 75
46 55 62
46 56 87
46 57 10
46 58 66
46 59 95
46 60 21
46 61 87
46 62 22
46 63 70
46 64 74
46 65 29
46 66 1
46 67 98
46 68 83
46 69 17
46 70 77
46 71 0
46 72 12
46 73 52
46 74 75
46 75 42
46 76 33
46 77 89
46 78 65
46 79 59
46 80 92
46 81 2
46 82 40
46 83 43
46 84 0
46 85 87
46 86 51
46 87 64
46 88 58
46 89 84
46 90 8
46 91 54
46 92 99
46 93 18
46 94 94
46 95 37
46 96 61
46 97 15
46 98 54
46 99 24
46 100 46
46 101 33
46 102 19
46 103 54
46 104 69
46 105 76
46 106 39
46 107 6
46 108 87
46 109 9
46 110 56
46 111 69
46 112 4
46 113 83
46 114 86
46 115 91
46 116 80
46 117 78
46 118 28
46 119 82
47 48 21
47 49 15
47 50 43
47 51 23
47 52 16
47 53 31
47 54 16
47 55 35
47 56 63
47 57 14
47 58 7
47 59 82
47 60 39
47 61 28
47 62 61
47 63 37
47 64 76
47 65 5
47 66 3
47 67 28
47 68 86
47 69 35
47 70 88
47 71 9
47 72 36
47 73 28
47 74 87
47 75 0
47 76 2
47 77 40
47 78 20
47 79 29
47 80 66
47 81 90
47 82 24
47 83 4
47 84 0
47 85 24
47 86 86
47 87 65
47 88 0
47 89 29
47 90 9
47 91 60
47 92 15
47 93 14
47 94 92
47 95 15
47 96 47
47 97 58
47 98 58
47 99 28
47 100 15
47 101 78
47 102 50
47 103 38
47 104 75
47 105 57
47 106 59
47 107 81
47 108 45
47 109 36
47 110 67
47 111 31
47 112 31
47 113 7
47 114 90
47 115 23
47 116 57
47 117 44
47 118 83
47 119 11
48 49 47
48 50 17
48 51 36
48 52 48
48 53 69
48 54 65
48 55 78
48 56 1
48 57 96
48 58 39
48 59 44
48 60 56
48 61 22
48 62 62
48 63 38
48 64 80
48 65 74
48 66 5
48 67 27
48 68 37
48 69 0
48 70 77
48 71 57
48 72 59
48 73 41
48 74 83
48 75 94
48 76 30
48 77 97
48 78 52
48 79 16
48 80 79
48 81 100
48 82 63
48 83 51
48 84 70
48 85 22
48 86 97
48 87 10
48 88 58
48 89 72
48 90 93
48 91 69
48 92 58
48 93 100
48 94 68
48 95 74
48 96 20
48 97 6
48 98 28
48 99 85
48 100 38
48 101 7
48 102 10
48 103 39
48 104 62
48 105 11
48 106 54
48 107 73
48 108 46
48 109 34
48 110 77
48 111 15
48 112 16
48 113 62
48 114 0
48 115 82
48 116 54
48 117 40
48 118 5
48 119 78
49 50 51
49 51 38
49 52 4
49 53 42
49 54 57
49 55 84
49 56 81
49 57 37
49 58 83
49 59 44
49 60 89
49 61 88
49 62 33
49 63 78
49 64 38
49 65 7
49 66 77
49 67 88
49 68 69
49 69 38
49 70 24
49 71 20
49 72 85
49 73 94
49 74 28
49 75 28
49 76 68
49 77 64
49 78 11
49 79 81
49 80 7
49 81 94
49 82 45
49 83 27
49 84 93
49 85 69
49 86 23
49 87 21
49 88 11
49 89 24
49 90 69
49 91 21
49 92 45
49 93 39
49 94 9
49 95 1
49 96 78
49 97 81
49 98 58
49 99 24
49 100 14
49 101 4
49 102 8
49 103 36
49 104 97
49 105 38
49 106 24
49 107 18
49 108 38
49 109 70
49 110 15
49 111 2
49 112 40
49 113 21
49 114 38
49 115 14
49 116 10
49 117 27
49 118 22
49 119 88
50 51 1
50 52 27
50 53 47
50 54 29
50 55 49
50 56 96
50 57 100
50 58 49
50 59 51
50 60 88
50 61 3
50 62 62
50 63 89
50 64 84
50 65 76
50 66 29
50 67 20
50 68 61
50 69 26
50 70 62
50 71 48
50 72 9
50 73 21
50 74 7
50 75 80
50 76 51
50 77 20
50 78 60
50 79 77
50 80 81
50 81 50
50 82 3
50 83 95
50 84 28
50 85 7
50 86 100
50 87 52
50 88 55
50 89 30
50 90 24
50 91 86
50 92 9
50 93 12
50 94 15
50 95 44
50 96 1
50 97 21
50 98 47
50 99 73
50 100 46
50 101 50
50 102 4
50 103 10
50 104 45
50 105 56
50 106 12
50 107 8
50 108 6
50 109 24
50 110 66
50 111 14
50 112 65
50 113 80
50 114 73
50 115 46
50 116 18
50 117 99
50 118 4
50 119 96
51 52 64
51 53 94
51 54 4
51 55 80
51 56 68
51 57 17
51 58 23
51 59 56
51 60 57
51 61 77
51 62 2
51 63 36
51 64 32
51 65 37
51 66 44
51 67 57
51 68 10
51 69 79
51 70 13
51 71 20
51 72 38
51 73 38
51 74 16
51 75 12
51 76 8
51 77 38
51 78 21
51 79 51
51 80 10
51 81 93
51 82 26
51 83 88
51 84 78
51 85 86
51 86 40
51 87 42
51 88 4
51 89 53
51 90 39
51 91 12
51 92 100
51 93 49
51 94 76
51 95 51
51 96 11
51 97 44
51 98 78
51 99 21
51 100 85
51 101 48
51 102 19
51 103 77
51 104 15
51 105 15
51 106 88
51 107 38
51 108 71
51 109 81
51 110 79
51 111 38
51 112 87
51 113 3
51 114 42
51 115 46
51 116 5
51 117 3
51 118 38
51 119 32
52 53 29
52 54 91
52 55 88
52 56 34
52 57 88
52 58 24
52 59 91
52 60 5
52 61 33
52 62 27
52 63 2
52 64 100
52 65 28
52 66 59
52 67 14
52 68 43
52 69 68
52 70 75
52 71 41
52 72 67
52 73 75
52 74 71
52 75 8
52 76 37
52 77 26
52 78 34
52 79 97
52 80 5
52 81 72
52 82 8
52 83 72
52 84 7
52 85 63
52 86 42
52 87 66
52 88 88
52 89 25
52 90 53
52 91 74
52 92 54
52 93 71
52 94 61
52 95 19
52 96 9
52 97 41
52 98 81
52 99 75
52 100 91
52 101 27
52 102 64
52 103 60
52 104 33
52 105 85
52 106 56
52 107 74
52 108 99
52 109 64
52 110 35
52 111 78
52 112 26
52 113 67
52 114 52
52 115 72
52 116 67
52 117 62
52 118 33
52 119 100
53 54 24
53 55 16
53 56 76
53 57 3
53 58 46
53 59 14
53 60 31
53 61 70
53 62 56
53 63 61
53 64 8
53 65 1
53 66 30
53 67 20
53 68 11
53 69 96
53 70 95
53 71 57
53 72 80
53 73 50
53 74 34
53 75 49
53 76 5
53 77 3
53 78 54
53 79 84
53 80 62
53 81 19
53 82 41
53 83 92
53 84 50
53 85 87
53 86 11
53 87 32
53 88 60
53 89 42
53 90 6
53 91 21
53 92 73
53 93 73
53 94 80
53 95 70
53 96 12
53 97 95
53 98 73
53 99 56
53 100 18
53 101 61
53 102 50
53 103 30
53 104 60
53 105 14
53 106 57
53 107 57
53 108 29
53 109 4
53 110 29
53 111 95
53 112 28
53 113 6
53 114 13
53 115 9
53 116 81
53 117 27
53 118 57
53 119 57
54 55 38
54 56 46
54 57 95
54 58 6
54 59 93
54 60 87
54 61 60
54 62 77
54 63 55
54 64 75
54 65 13
54 66 71
54 67 62
54 68 36
54 69 12
54 70 82
54 71 34
54 72 38
54 73 39
54 74 15
54 75 53
54 76 30
54 77 75
54 78 3
54 79 83
54 80 42
54 81 8
54 82 44
54 83 67
54 84 3
54 85 96
54 86 54
54 87 64
54 88 4
54 89 19
54 90 19
54 91 11
54 92 82
54 93 70
54 94 52
54 95 24
54 96 23
54 97 87
54 98 0
54 99 7
54 100 45
54 101 91
54 102 71
54 103 39
54 104 30
54 105 94
54 106 92
54 107 38
54 108 49
54 109 65
54 110 87
54 111 9
54 112 58
54 113 25
54 114 47
54 115 85
54 116 20
54 117 31
54 118 75
54 119 4
55 56 16
55 57 62
55 58 89
55 59 11
55 60 30
55 61 69
55 62 59
55 63 62
55 64 26
55 65 10
55 66 77
55 67 2
55 68 89
55 69 0
55 70 72
55 71 23
55 72 15
55 73 20
55 74 28
55 75 53
55 76 29
55 77 73
55 78 82
55 79 51
55 80 89
55 81 72
55 82 1
55 83 0
55 84 53
55 85 44
55 86 88
55 87 9
55 88 64
55 89 94
55 90 92
55 91 74
55 92 46
55 93 62
55 94 10
55 95 29
55 96 81
55 97 24
55 98 7
55 99 76
55 100 75
55 101 53
55 102 59
55 103 95
55 104 62
55 105 70
55 106 72
55 107 35
55 108 86
55 109 68
55 110 4
55 111 42
55 112 91
55 113 60
55 114 40
55 115 57
55 116 93
55 117 87
55 118 76
55 119 57
56 57 26
56 58 26
56 59 58
56 60 28
56 61 37
56 62 34
56 63 55
56 64 20
56 65 58
56 66 61
56 67 29
56 68 88
56 69 74
56 70 61
56 71 91
56 72 97
56 73 11
56 74 97
56 75 20
56 76 100
56 77 17
56 78 62
56 79 68
56 80 79
56 81 63
56 82 21
56 83 22
56 84 67
56 85 8
56 86 40
56 87 35
56 88 73
56 89 53
56 90 28
56 91 27
56 92 83
56 93 41
56 94 29
56 95 17
56 96 33
56 97 75
56 98 47
56 99 38
56 100 49
56 101 9
56 102 4
56 103 3
56 104 96
56 105 28
56 106 15
56 107 16
56 108 16
56 109 97
56 110 97
56 111 43
56 112 10
56 113 77
56 114 41
56 115 16
56 116 4
56 117 60
56 118 65
56 119 100
57 58 93
57 59 50
57 60 78
57 61 48
57 62 68
57 63 15
57 64 20
57 65 7
57 66 59
57 67 49
57 68 20
57 69 21
57 70 27
57 71 30
57 72 35
57 73 44
57 74 24
57 75 8
57 76 100
57 77 78
57 78 56
57 79 82
57 80 51
57 81 78
57 82 34
57 83 74
57 84 80
57 85 9
57 86 72
57 87 94
57 88 47
57 89 33
57 90 67
57 91 15
57 92 39
57 93 93
57 94 70
57 95 96
57 96 71
57 97 85
57 98 29
57 99 64
57 100 95
57 101 75
57 102 22
57 103 27
57 104 12
57 105 3
57 106 32
57 107 85
57 108 49
57 109 31
57 110 58
57 111 30
57 112 92
57 113 29
57 114 8
57 115 73
57 116 19
57 117 60
57 118 60
57 119 70
58 59 95
58 60 87
58 61 73
58 62 98
58 63 53
58 64 46
58 65 64
58 66 20
58 67 85
58 68 83
58 69 14
58 70 88
58 71 35
58 72 81
58 73 21
58 74 60
58 75 11
58 76 36
58 77 29
58 78 24
58 79 7
58 80 15
58 81 18
58 82 56
58 83 42
58 84 54
58 85 45
58 86 46
58 87 49
58 88 71
58 89 86
58 90 98
58 91 43
58 92 80
58 93 3
58 94 35
58 95 10
58 96 13
58 97 16
58 98 88
58 99 38
58 100 29
58 101 81
58 102 55
58 103 9
58 104 79
58 105 70
58 106 96
58 107 63
58 108 68
58 109 77
58 110 75
58 111 77
58 112 59
58 113 0
58 114 87
58 115 25
58 116 8
58 117 19
58 118 99
58 119 93
59 60 8
59 61 96
59 62 96
59 63 3
59 64 27
59 65 65
59 66 46
59 67 4
59 68 0
59 69 82
59 70 80
59 71 50
59 72 90
59 73 27
59 74 57
59 75 21
59 76 24
59 77 14
59 78 97
59 79 62
59 80 58
59 81 60
59 82 58
59 83 91
59 84 86
59 85 46
59 86 39
59 87 62
59 88 45
59 89 41
59 90 92
59 91 34
59 92 44
59 93 73
59 94 70
59 95 81
59 96 13
59 97 15
59 98 69
59 99 72
59 100 9
59 101 96
59 102 11
59 103 20
59 104 12
59 105 91
59 106 79
59 107 56
59 108 42
59 109 91
59 110 75
59 111 10
59 112 60
59 113 82
59 114 65
59 115 99
59 116 75
59 117 57
59 118 55
59 119 42
60 61 52
60 62 1
60 63 31
60 64 48
60 65 34
60 66 77
60 67 47
60 68 85
60 69 77
60 70 78
60 71 56
60 72 46
60 73 49
60 74 73
60 75 20
60 76 40
60 77 56
60 78 25
60 79 84
60 80 31
60 81 71
60 82 88
60 83 39
60 84 32
60 85 59
60 86 69
60 87 30
60 88 96
60 89 37
60 90 53
60 91 93
60 92 14
60 93 15
60 94 38
60 95 0
60 96 69
60 97 69
60 98 88
60 99 91
60 100 63
60 101 20
60 102 100
60 103 89
60 104 29
60 105 87
60 106 62
60 107 52
60 108 18
60 109 19
60 110 77
60 111 76
60 112 35
60 113 64
60 114 63
60 115 6
60 116 13
60 117 7
60 118 32
60 119 84
61 62 24
61 63 48
61 64 76
61 65 45
61 66 24
61 67 100
61 68 30
61 69 97
61 70 94
61 71 49
61 72 89
61 73 43
61 74 97
61 75 21
61 76 16
61 77 62
61 78 75
61 79 80
61 80 42
61 81 43
61 82 63
61 83 62
61 84 75
61 85 43
61 86 72
61 87 49
61 88 95
61 89 2
61 90 25
61 91 15
61 92 42
61 93 74
61 94 45
61 95 3
61 96 17
61 97 41
61 98 28
61 99 80
61 100 29
61 101 65
61 102 27
61 103 97
61 104 16
61 105 44
61 106 89
61 107 69
61 108 94
61 109 71
61 110 60
61 111 92
61 112 37
61 113 72
61 114 52
61 115 51
61 116 86
61 117 21
61 118 52
61 119 16
62 63 42
62 64 65
62 65 66
62 66 62
62 67 55
62 68 76
62 69 92
62 70 57
62 71 39
62 72 15
62 73 21
62 74 55
62 75 18
62 76 19
62 77 56
62 78 73
62 79 73
62 80 80
62 81 77
62 82 40
62 83 39
62 84 1
62 85 0
62 86 75
62 87 79
62 88 35
62 89 94
62 90 71
62 91 78
62 92 20
62 93 28
62 94 93
62 95 65
62 96 66
62 97 82
62 98 93
62 99 23
62 100 93
62 101 27
62 102 86
62 103 51
62 104 55
62 105 23
62 106 58
62 107 60
62 108 52
62 109 66
62 110 47
62 111 90
62 112 9
62 113 79
62 114 31
62 115 67
62 116 52
62 117 91
62 118 18
62 119 19
63 64 2
63 65 79
63 66 52
63 67 84
63 68 22
63 69 45
63 70 75
63 71 99
63 72 33
63 73 49
63 74 19
63 75 56
63 76 54
63 77 40
63 78 33
63 79 72
63 80 84
63 81 26
63 82 70
63 83 15
63 84 28
63 85 93
63 86 21
63 87 74
63 88 18
63 89 56
63 90 60
63 91 25
63 92 87
63 93 80
63 94 18
63 95 50
63 96 23
63 97 83
63 98 76
63 99 73
63 100 65
63 101 98
63 102 28
63 103 30
63 104 4
63 105 4
63 106 91
63 107 30
63 108 1
63 109 19
63 110 86
63 111 62
63 112 27
63 113 78
63 114 97
63 115 26
63 116 42
63 117 81
63 118 29
63 119 45
64 65 49
64 66 40
64 67 31
64 68 43
64 69 63
64 70 79
64 71 16
64 72 86
64 73 43
64 74 89
64 75 54
64 76 26
64 77 32
64 78 5
64 79 99
64 80 62
64 81 34
64 82 84
64 83 72
64 84 48
64 85 4
64 86 38
64 87 22
64 88 23
64 89 5
64 90 88
64 91 91
64 92 16
64 93 19
64 94 5
64 95 26
64 96 53
64 97 97
64 98 26
64 99 64
64 100 81
64 101 89
64 102 69
64 103 64
64 104 43
64 105 8
64 106 14
64 107 16
64 108 50
64 109 3
64 110 94
64 111 60
64 112 75
64 113 63
64 114 61
64 115 59
64 116 89
64 117 100
64 118 33
64 119 3
65 66 80
65 67 15
65 68 9
65 69 34
65 70 39
65 71 21
65 72 4
65 73 23
65 74 19
65 75 12
65 76 10
65 77 88
65 78 84
65 79 12
65 80 74
65 81 49
65 82 88
65 83 45
65 84 38
65 85 16
65 86 59
65 87 63
65 88 56
65 89 44
65 90 82
65 91 90
65 92 28
65 93 74
65 94 99
65 95 89
65 96 78
65 97 87
65 98 62
65 99 3
65 100 8
65 101 63
65 102 36
65 103 51
65 104 7
65 105 74
65 106 94
65 107 72
65 108 37
65 109 98
65 110 95
65 111 21
65 112 2
65 113 20
65 114 76
65 115 100
65 116 3
65 117 4
65 118 66
65 119 81
66 67 32
66 68 36
66 69 45
66 70 97
66 71 28
66 72 23
66 73 6
66 74 66
66 75 78
66 76 27
66 77 62
66 78 63
66 79 28
66 80 81
66 81 7
66 82 37
66 83 45
66 84 80
66 85 29
66 86 49
66 87 29
66 88 77
66 89 54
66 90 29
66 91 82
66 92 75
66 93 67
66 94 82
66 95 91
66 96 23
66 97 75
66 98 81
66 99 55
66 100 94
66 101 18
66 102 5
66 103 12
66 104 41
66 105 49
66 106 100
66 107 54
66 108 10
66 109 35
66 110 91
66 111 34
66 112 26
66 113 36
66 114 20
66 115 82
66 116 3
66 117 55
66 118 21
66 119 46
67 68 90
67 69 91
67 70 45
67 71 67
67 72 35
67 73 93
67 74 63
67 75 35
67 76 96
67 77 46
67 78 18
67 79 85
67 80 85
67 81 49
67 82 60
67 83 3
67 84 54
67 85 55
67 86 45
67 87 25
67 88 12
67 89 67
67 90 25
67 91 100
67 92 97
67 93 12
67 94 8
67 95 99
67 96 82
67 97 13
67 98 57
67 99 7
67 100 58
67 101 86
67 102 63
67 103 41
67 104 98
67 105 34
67 106 22
67 107 9
67 108 42
67 109 98
67 110 71
67 111 53
67 112 24
67 113 17
67 114 9
67 115 92
67 116 5
67 117 8
67 118 77
67 119 70
68 69 16
68 70 88
68 71 57
68 72 8
68 73 72
68 74 17
68 75 41
68 76 0
68 77 100
68 78 36
68 79 57
68 80 98
68 81 50
68 82 1
68 83 30
68 84 58
68 85 35
68 86 54
68 87 11
68 88 11
68 89 64
68 90 48
68 91 74
68 92 16
68 93 65
68 94 18
68 95 42
68 96 36
68 97 74
68 98 24
68 99 58
68 100 93
68 101 14
68 102 51
68 103 10
68 104 10
68 105 16
68 106 11
68 107 90
68 108 6
68 109 35
68 110 27
68 111 10
68 112 48
68 113 21
68 114 70
68 115 78
68 116 71
68 117 100
68 118 37
68 119 91
69 70 38
69 71 2
69 72 90
69 73 80
69 74 21
69 75 83
69 76 57
69 77 91
69 78 93
69 79 30
69 80 20
69 81 51
69 82 35
69 83 62
69 84 32
69 85 38
69 86 10
69 87 80
69 88 68
69 89 36
69 90 31
69 91 39
69 92 43
69 93 47
69 94 26
69 95 1
69 96 71
69 97 16
69 98 75
69 99 90
69 100 19
69 101 31
69 102 9
69 103 18
69 104 11
69 105 16
69 106 87
69 107 15
69 108 56
69 109 92
69 110 22
69 111 7
69 112 57
69 113 43
69 114 89
69 115 23
69 116 86
69 117 16
69 118 89
69 119 90
70 71 63
70 72 8
70 73 48
70 74 42
70 75 41
70 76 99
70 77 32
70 78 94
70 79 0
70 80 6
70 81 34
70 82 2
70 83 21
70 84 47
70 85 85
70 86 35
70 87 48
70 88 34
70 89 55
70 90 67
70 91 2
70 92 14
70 93 20
70 94 9
70 95 45
70 96 7
70 97 24
70 98 34
70 99 54
70 100 84
70 101 20
70 102 30
70 103 98
70 104 37
70 105 77
70 106 2
70 107 0
70 108 54
70 109 82
70 110 91
70 111 7
70 112 89
70 113 60
70 114 67
70 115 81
70 116 60
70 117 39
70 118 3
70 119 42
71 72 100
71 73 3
71 74 62
71 75 79
71 76 8
71 77 90
71 78 14
71 79 51
71 80 13
71 81 49
71 82 19
71 83 8
71 84 58
71 85 17
71 86 42
71 87 80
71 88 40
71 89 53
71 90 42
71 91 47
71 92 30
71 93 52
71 94 73
71 95 76
71 96 89
71 97 99
71 98 18
71 99 46
71 100 64
71 101 18
71 102 71
71 103 1
71 104 100
71 105 82
71 106 63
71 107 32
71 108 86
71 109 15
71 110 2
71 111 39
71 112 43
71 113 89
71 114 98
71 115 67
71 116 15
71 117 12
71 118 31
71 119 40
72 73 55
72 74 96
72 75 1
72 76 40
72 77 31
72 78 17
72 79 15
72 80 9
72 81 52
72 82 75
72 83 84
72 84 36
72 85 91
72 86 26
72 87 25
72 88 8
72 89 93
72 90 45
72 91 78
72 92 57
72 93 23
72 94 2
72 95 43
72 96 14
72 97 81
72 98 94
72 99 11
72 100 87
72 101 57
72 102 65
72 103 8
72 104 36
72 105 61
72 106 41
72 107 71
72 108 4
72 109 92
72 110 83
72 111 84
72 112 0
72 113 79
72 114 49
72 115 27
72 116 66
72 117 31
72 118 96
72 119 94
73 74 20
73 75 10
73 76 87
73 77 28
73 78 53
73 79 78
73 80 51
73 81 23
73 82 91
73 83 52
73 84 65
73 85 69
73 86 62
73 87 6
73 88 37
73 89 70
73 90 36
73 91 27
73 92 23
73 93 42
73 94 90
73 95 79
73 96 2
73 97 39
73 98 67
73 99 30
73 100 25
73 101 80
73 102 4
73 103 72
73 104 48
73 105 2
73 106 45
73 107 32
73 108 60
73 109 7
73 110 33
73 111 66
73 112 33
73 113 54
73 114 79
73 115 65
73 116 82
73 117 49
73 118 55
73 119 51
74 75 58
74 76 7
74 77 72
74 78 79
74 79 15
74 80 81
74 81 72
74 82 3
74 83 37
74 84 59
74 85 69
74 86 100
74 87 70
74 88 48
74 89 62
74 90 44
74 91 14
74 92 60
74 93 95
74 94 85
74 95 1
74 96 23
74 97 67
74 98 6
74 99 4
74 100 47
74 101 46
74 102 32
74 103 39
74 104 87
74 105 84
74 106 25
74 107 30
74 108 60
74 109 54
74 110 16
74 111 14
74 112 2
74 113 85
74 114 61
74 115 21
74 116 40
74 117 65
74 118 18
74 119 19
75 76 9
75 77 44
75 78 25
75 79 34
75 80 77
75 81 98
75 82 38
75 83 74
75 84 14
75 85 11
75 86 28
75 87 84
75 88 27
75 89 9
75 90 98
75 91 91
75 92 83
75 93 95
75 94 30
75 95 91
75 96 56
75 97 51
75 98 64
75 99 23
75 100 86
75 101 28
75 102 56
75 103 78
75 104 15
75 105 79
75 106 64
75 107 3
75 108 33
75 109 70
75 110 56
75 111 22
75 112 66
75 113 31
75 114 36
75 115 15
75 116 75
75 117 5
75 118 21
75 119 32
76 77 24
76 78 30
76 79 49
76 80 70
76 81 34
76 82 30
76 83 32
76 84 77
76 85 43
76 86 25
76 87 97
76 88 77
76 89 42
76 90 3
76 91 43
76 92 36
76 93 81
76 94 41
76 95 66
76 96 10
76 97 39
76 98 23
76 99 31
76 100 18
76 101 50
76 102 74
76 103 50
76 104 73
76 105 85
76 106 28
76 107 51
76 108 6
76 109 29
76 110 36
76 111 54
76 112 46
76 113 51
76 114 83
76 115 31
76 116 12
76 117 98
76 118 10
76 119 32
77 78 65
77 79 32
77 80 25
77 81 55
77 82 64
77 83 49
77 84 38
77 85 51
77 86 81
77 87 14
77 88 100
77 89 89
77 90 22
77 91 50
77 92 47
77 93 3
77 94 42
77 95 53
77 96 47
77 97 53
77 98 69
77 99 35
77 100 56
77 101 31
77 102 0
77 103 58
77 104 43
77 105 37
77 106 38
77 107 89
77 108 40
77 109 37
77 110 31
77 111 2
77 112 63
77 113 89
77 114 75
77 115 67
77 116 4
77 117 49
77 118 70
77 119 93
78 79 88
78 80 96
78 81 58
78 82 44
78 83 12
78 84 23
78 85 91
78 86 94
78 87 26
78 88 73
78 89 13
78 90 4
78 91 39
78 92 36
78 93 89
78 94 25
78 95 31
78 96 91
78 97 26
78 98 98
78 99 76
78 100 24
78 101 36
78 102 62
78 103 25
78 104 5
78 105 43
78 106 29
78 107 92
78 108 6
78 109 72
78 110 57
78 111 45
78 112 100
78 113 58
78 114 11
78 115 16
78 116 82
78 117 20
78 118 92
78 119 35
79 80 90
79 81 78
79 82 85
79 83 59
79 84 49
79 85 1
79 86 42
79 87 26
79 88 83
79 89 68
79 90 80
79 91 71
79 92 75
79 93 96
79 94 62
79 95 37
79 96 19
79 97 36
79 98 66
79 99 76
79 100 99
79 101 16
79 102 20
79 103 46
79 104 48
79 105 68
79 106 48
79 107 41
79 108 16
79 109 14
79 110 58
79 111 10
79 112 33
79 113 38
79 114 94
79 115 69
79 116 18
79 117 52
79 118 85
79 119 13
80 81 59
80 82 52
80 83 91
80 84 90
80 85 75
80 86 55
80 87 29
80 88 32
80 89 72
80 90 79
80 91 12
80 92 79
80 93 4
80 94 90
80 95 18
80 96 52
80 97 39
80 98 6
80 99 26
80 100 80
80 101 98
80 102 60
80 103 44
80 104 82
80 105 41
80 106 30
80 107 44
80 108 64
80 109 93
80 110 71
80 111 40
80 112 86
80 113 85
80 114 16
80 115 54
80 116 90
80 117 15
80 118 29
80 119 19
81 82 69
81 83 60
81 84 34
81 85 23
81 86 56
81 87 26
81 88 0
81 89 73
81 90 21
81 91 100
81 92 88
81 93 67
81 94 70
81 95 6
81 96 84
81 97 51
81 98 62
81 99 29
81 100 2
81 101 9
81 102 16
81 103 88
81 104 15
81 105 76
81 106 83
81 107 32
81 108 14
81 109 55
81 110 42
81 111 6
81 112 53
81 113 47
81 114 88
81 115 49
81 116 64
81 117 80
81 118 74
81 119 98
82 83 95
82 84 16
82 85 46
82 86 5
82 87 52
82 88 54
82 89 10
82 90 62
82 91 28
82 92 91
82 93 95
82 94 70
82 95 48
82 96 27
82 97 30
82 98 35
82 99 17
82 100 71
82 101 64
82 102 96
82 103 67
82 104 13
82 105 35
82 106 19
82 107 64
82 108 36
82 109 72
82 110 10
82 111 20
82 112 94
82 113 14
82 114 3
82 115 20
82 116 14
82 117 55
82 118 20
82 119 70
83 84 56
83 85 100
83 86 93
83 87 83
83 88 9
83 89 56
83 90 14
83 91 27
83 92 7
83 93 13
83 94 1
83 95 0
83 96 33
83 97 93
83 98 19
83 99 22
83 100 14
83 101 88
83 102 81
83 103 21
83 104 90
83 105 79
83 106 69
83 107 96
83 108 41
83 109 66
83 110 25
83 111 49
83 112 10
83 113 49
83 114 83
83 115 18
83 116 1
83 117 69
83 118 28
83 119 46
84 85 38
84 86 35
84 87 0
84 88 31
84 89 84
84 90 0
84 91 58
84 92 80
84 93 100
84 94 95
84 95 32
84 96 96
84 97 51
84 98 80
84 99 54
84 100 99
84 101 67
84 102 96
84 103 47
84 104 36
84 105 36
84 106 46
84 107 99
84 108 61
84 109 44
84 110 37
84 111 44
84 112 95
84 113 46
84 114 23
84 115 25
84 116 18
84 117 28
84 118 87
84 119 65
85 86 78
85 87 69
85 88 88
85 89 45
85 90 65
85 91 62
85 92 23
85 93 90
85 94 35
85 95 27
85 96 88
85 97 46
85 98 81
85 99 56
85 100 51
85 101 90
85 102 39
85 103 55
85 104 47
85 105 53
85 106 72
85 107 49
85 108 94
85 109 47
85 110 69
85 111 43
85 112 54
85 113 23
85 114 53
85 115 16
85 116 99
85 117 34
85 118 77
85 119 87
86 87 66
86 88 34
86 89 0
86 90 45
86 91 93
86 92 20
86 93 15
86 94 4
86 95 15
86 96 64
86 97 54
86 98 52
86 99 6
86 100 78
86 101 60
86 102 3
86 103 6
86 104 11
86 105 18
86 106 67
86 107 64
86 108 68
86 109 42
86 110 95
86 111 57
86 112 61
86 113 1
86 114 83
86 115 100
86 116 28
86 117 30
86 118 64
86 119 79
87 88 7
87 89 55
87 90 39
87 91 21
87 92 87
87 93 65
87 94 38
87 95 81
87 96 70
87 97 16
87 98 58
87 99 5
87 100 21
87 101 54
87 102 77
87 103 71
87 104 62
87 105 78
87 106 2
87 107 87
87 108 55
87 109 50
87 110 73
87 111 82
87 112 27
87 113 61
87 114 94
87 115 84
87 116 9
87 117 98
87 118 16
87 119 31
88 89 36
88 90 51
88 91 50
88 92 88
88 93 6
88 94 21
88 95 0
88 96 5
88 97 7
88 98 9
88 99 32
88 100 70
88 101 19
88 102 41
88 103 17
88 104 16
88 105 59
88 106 57
88 107 59
88 108 88
88 109 37
88 110 57
88 111 64
88 112 28
88 113 74
88 114 5
88 115 79
88 116 5
88 117 44
88 118 100
88 119 84
89 90 45
89 91 85
89 92 21
89 93 44
89 94 46
89 95 66
89 96 56
89 97 18
89 98 3
89 99 35
89 100 30
89 101 92
89 102 21
89 103 92
89 104 36
89 105 69
89 106 31
89 107 0
89 108 77
89 109 23
89 110 6
89 111 96
89 112 74
89 113 73
89 114 43
89 115 20
89 116 28
89 117 89
89 118 25
89 119 68
90 91 54
90 92 61
90 93 100
90 94 1
90 95 97
90 96 3
90 97 97
90 98 20
90 99 23
90 100 97
90 101 88
90 102 37
90 103 74
90 104 89
90 105 51
90 106 42
90 107 29
90 108 36
90 109 19
90 110 25
90 111 90
90 112 57
90 113 17
90 114 30
90 115 0
90 116 57
90 117 19
90 118 98
90 119 27
91 92 88
91 93 60
91 94 71
91 95 17
91 96 81
91 97 25
91 98 11
91 99 12
91 100 81
91 101 17
91 102 20
91 103 38
91 104 31
91 105 84
91 106 60
91 107 20
91 108 48
91 109 6
91 110 29
91 111 68
91 112 63
91 113 0
91 114 97
91 115 33
91 116 69
91 117 53
91 118 35
91 119 85
92 93 14
92 94 0
92 95 45
92 96 69
92 97 33
92 98 13
92 99 94
92 100 21
92 101 17
92 102 45
92 103 58
92 104 73
92 105 26
92 106 79
92 107 99
92 108 100
92 109 35
92 110 1
92 111 96
92 112 46
92 113 79
92 114 42
92 115 34
92 116 93
92 117 88
92 118 99
92 119 32
93 94 45
93 95 72
93 96 88
93 97 26
93 98 73
93 99 76
93 100 67
93 101 17
93 102 70
93 103 12
93 104 92
93 105 62
93 106 83
93 107 57
93 108 0
93 109 46
93 110 41
93 111 21
93 112 89
93 113 70
93 114 56
93 115 24
93 116 76
93 117 4
93 118 87
93 119 40
94 95 71
94 96 43
94 97 74
94 98 19
94 99 92
94 100 23
94 101 16
94 102 42
94 103 59
94 104 82
94 105 85
94 106 11
94 107 3
94 108 71
94 109 78
94 110 40
94 111 10
94 112 34
94 113 10
94 114 42
94 115 91
94 116 4
94 117 57
94 118 11
94 119 20
95 96 70
95 97 87
95 98 7
95 99 86
95 100 7
95 101 28
95 102 56
95 103 18
95 104 86
95 105 63
95 106 53
95 107 86
95 108 36
95 109 2
95 110 99
95 111 14
95 112 36
95 113 77
95 114 75
95 115 31
95 116 62
95 117 14
95 118 77
95 119 68
96 97 35
96 98 54
96 99 86
96 100 72
96 101 13
96 102 36
96 103 80
96 104 39
96 105 69
96 106 70
96 107 80
96 108 65
96 109 46
96 110 100
96 111 17
96 112 22
96 113 52
96 114 16
96 115 41
96 116 13
96 117 96
96 118 42
96 119 94
97 98 92
97 99 15
97 100 20
97 101 1
97 102 59
97 103 69
97 104 82
97 105 46
97 106 83
97 107 56
97 108 46
97 109 100
97 110 94
97 111 54
97 112 37
97 113 92
97 114 9
97 115 58
97 116 17
97 117 89
97 118 82
97 119 56
98 99 42
98 100 24
98 101 15
98 102 8
98 103 69
98 104 41
98 105 62
98 106 87
98 107 5
98 108 44
98 109 5
98 110 60
98 111 52
98 112 2
98 113 47
98 114 46
98 115 89
98 116 1
98 117 10
98 118 40
98 119 84
99 100 17
99 101 68
99 102 48
99 103 48
99 104 40
99 105 31
99 106 79
99 107 74
99 108 23
99 109 64
99 110 35
99 111 47
99 112 53
99 113 30
99 114 89
99 115 9
99 116 80
99 117 84
99 118 48
99 119 6
100 101 18
100 102 81
100 103 65
100 104 93
100 105 54
100 106 37
100 107 100
100 108 21
100 109 93
100 110 73
100 111 77
100 112 41
100 113 34
100 114 70
100 115 99
100 116 32
100 117 65
100 118 66
100 119 20
101 102 50
101 103 53
101 104 81
101 105 32
101 106 59
101 107 38
101 108 61
101 109 76
101 110 37
101 111 64
101 112 13
101 113 70
101 114 16
101 115 53
101 116 39
101 117 31
101 118 70
101 119 40
102 103 97
102 104 77
102 105 56
102 106 16
102 107 0
102 108 41
102 109 26
102 110 13
102 111 77
102 112 83
102 113 60
102 114 76
102 115 18
102 116 63
102 117 9
102 118 21
102 119 25
103 104 19
103 105 89
103 106 72
103 107 0
103 108 38
103 109 59
103 110 37
103 111 30
103 112 55
103 113 43
103 114 4
103 115 32
103 116 96
103 117 89
103 118 65
103 119 55
104 105 1
104 106 18
104 107 63
104 108 13
104 109 44
104 110 91
104 111 0
104 112 2
104 113 4
104 114 74
104 115 78
104 116 73
104 117 29
104 118 32
104 119 24
105 106 50
105 107 22
105 108 58
105 109 45
105 110 8
105 111 50
105 112 70
105 113 93
105 114 21
105 115 86
105 116 12
105 117 21
105 118 90
105 119 22
106 107 69
106 108 22
106 109 22
106 110 18
106 111 62
106 112 19
106 113 18
106 114 64
106 115 88
106 116 75
106 117 70
106 118 74
106 119 4
107 108 33
107 109 21
107 110 72
107 111 32
107 112 40
107 113 18
107 114 80
107 115 88
107 116 52
107 117 54
107 118 30
107 119 95
108 109 20
108 110 61
108 111 22
108 112 8
108 113 15
108 114 80
108 115 64
108 116 14
108 117 15
108 118 0
108 119 91
109 110 8
109 111 66
109 112 45
109 113 81
109 114 93
109 115 82
109 116 47
109 117 52
109 118 81
109 119 100
110 111 51
110 112 66
110 113 47
110 114 73
110 115 24
110 116 10
110 117 47
110 118 66
110 119 54
111 112 74
111 113 61
111 114 14
111 115 30
111 116 4
111 117 54
111 118 35
111 119 55
112 113 44
112 114 71
112 115 94
112 116 48
112 117 76
112 118 49
112 119 31
113 114 100
113 115 35
113 116 22
113 117 24
113 118 50
113 119 10
114 115 26
114 116 98
114 117 86
114 118 53
114 119 47
115 116 95
115 117 69
115 118 45
115 119 48
116 117 40
116 118 23
116 119 94
117 118 94
117 119 89
118 119 77
