10 15 180
-7 -1

10 14
10 13
10 12
10 11
10 10
10 9
10 8
10 7
10 6
10 5 
10 4
10 3
10 2
10 1
10 0
10 -1
10 -2
10 -3
10 -4
10 -5
10 -6
10 -7
9 -7
8 -7
7 -7
6 -7
5 -7 
4 -7
3 -7
2 -7
1 -7
0 -7
-1 -7
-2 -7
-3 -7
-3 -6
-3 -5
-3 -4
-3 -3
-3 -2
-3 -1
-3 0
-3 1
-2 1
-1 1
0 1
1 1
2 1
3 1 
4 1
4 0
4 -1
4 -2
4 -3
3 -3
2 -3
1 -3
1 -2
1 -1
0 -1
-1 -1
-1 -2
-1 -3
-1 -4
-1 -5 
0 -5
1 -5
2 -5
3 -5
4 -5
5 -5
6 -5
7 -5
7 -4
7 -3
7 -2
7 -1
7 0
7 1
7 2
7 3
6 3
5 3
4 3
3 3
2 3
1 3
0 3
-1 3
-2 3
-3 3
-4 3
-5 3
-6 3
-7 3
-8 3
-9 3
-10 3
-11 3
-11 2
-11 1
-11 0
-11 -1
-11 -2
-11 -3
-11 -4
-11 -5
-11 -6
-11 -7
-11 -8 
-11 -9
-11 -10
-11 -11
-10 -11
-9 -11
-8 -11
-7 -11
-6 -11
-5 -11
-4 -11
-3 -11
-2 -11
-1 -11
0 -11
1 -11
2 -11
3 -11
3 -10
3 -9
2 -9
1 -9
0 -9
-1 -9
-2 -9
-3 -9
-4 -9
-5 -9
-6 -9
-7 -9
-7 -8 
-7 -7
-7 -6
-7 -5
-7 -4 
-7 -3
-7 -2

















